0,0,0,0
0.0058764,0.00062495,-0.00085367,0.00022872
0.01087,0.0011412,-0.0015588,0.00041762
0.021739,0.0087183,-0.011909,0.0031904
0.032609,0.005499,-0.0075102,0.0020113
0.043478,0.0093197,-0.012729,0.003409
0.05,0.0093976,-0.012834,0.0034369
0.054348,0.0094492,-0.012905,0.0034554
0.065217,0.0077079,-0.010525,0.0028173
0.076087,0.0043644,-0.0059575,0.0015931
0.086957,0.0045927,-0.0062693,0.0016766
0.097826,0.0062163,-0.0084869,0.0022706
0.1,0.0063176,-0.0086252,0.0023076
0.1087,0.0067128,-0.0091648,0.002452
0.11957,0.008014,-0.010942,0.0029278
0.13043,0.0092008,-0.012562,0.0033617
0.1413,0.008293,-0.011322,0.003029
0.15,0.01119,-0.015279,0.0040888
0.15217,0.011894,-0.016241,0.0043465
0.16304,0.0096363,-0.013156,0.0035194
0.17391,0.0023672,-0.0032259,0.00085873
0.18478,-0.0026573,0.0036369,-0.00097957
0.19565,0.0033424,-0.0045595,0.0012171
0.2,0.0027288,-0.0037215,0.00099265
0.20652,0.001834,-0.0024993,0.00066533
0.21739,-0.0012895,0.0017669,-0.00047739
0.22826,-0.0038555,0.0052713,-0.0014157
0.23913,-0.0059896,0.0081853,-0.0021958
0.25,-0.0071689,0.0097951,-0.0026262
0.26087,-0.0083174,0.011363,-0.0030454
0.27174,-0.0085209,0.01164,-0.0031187
0.28261,-0.0032634,0.004457,-0.0011936
0.29348,-0.0028365,0.0038734,-0.001037
0.3,-0.0002517,0.00034253,-9.0826e-05
0.30435,0.001423,-0.001945,0.00052207
0.31522,0.003818,-0.0052163,0.0013983
0.32609,0.0046932,-0.0064112,0.001718
0.33696,0.0025713,-0.0035122,0.00094093
0.34783,0.00097305,-0.0013288,0.00035576
0.35,0.00081126,-0.0011078,0.00029652
0.3587,0.00018204,-0.00024825,6.6211e-05
0.36957,-0.0038459,0.0052537,-0.0014078
0.38043,0.0032473,-0.0044358,0.0011885
0.3913,0.0062441,-0.008529,0.0022849
0.4,0.0042342,-0.005783,0.0015487
0.40217,0.0037461,-0.0051161,0.00137
0.41304,0.00042902,-0.00058473,0.00015571
0.42391,-6.2099e-05,8.6039e-05,-2.394e-05
0.43478,0.0023726,-0.0032398,0.00086721
0.44565,0.001396,-0.0019057,0.00050964
0.45,-0.00030463,0.00041745,-0.00011281
0.45652,-0.0027846,0.0038049,-0.0010203
0.46739,-0.0055375,0.0075648,-0.0020273
0.47826,-0.0053112,0.0072549,-0.0019438
0.48913,-0.0012904,0.0017621,-0.00047167
0.5,-0.0013728,0.0018745,-0.00050171
0.51087,0.0016586,-0.0022663,0.00060774
0.52174,-0.00010097,0.00013742,-3.6449e-05
0.53261,-0.00017591,0.00023982,-6.3908e-05
0.54348,0.00028339,-0.00038755,0.00010416
0.55,-0.0029072,0.0039709,-0.0010636
0.55435,-0.0049751,0.0067954,-0.0018203
0.56522,-0.011969,0.016349,-0.0043794
0.57609,-0.010037,0.013708,-0.0036709
0.58696,-0.009988,0.01364,-0.003652
0.59783,-0.0057224,0.0078125,-0.0020901
0.6,-0.0057046,0.0077881,-0.0020835
0.6087,-0.0056365,0.0076948,-0.0020584
0.61957,-0.0066219,0.0090406,-0.0024188
0.63043,-0.0079985,0.010921,-0.0029222
0.6413,-0.0055046,0.0075137,-0.0020091
0.65,-0.0039974,0.0054548,-0.0014574
0.65217,-0.0036313,0.0049548,-0.0013234
0.66304,-0.0007154,0.00097184,-0.00025644
0.67391,0.0055545,-0.0075922,0.0020377
0.68478,0.0071695,-0.009797,0.0026275
0.69565,0.0012715,-0.0017394,0.00046784
0.7,0.0014081,-0.0019257,0.00051764
0.70652,0.0016078,-0.0021983,0.00059049
0.71739,0.0063017,-0.0086095,0.0023078
0.72826,0.0027495,-0.0037565,0.0010069
0.73913,0.0025088,-0.0034272,0.00091843
0.75,-0.0024347,0.0033258,-0.00089106
0.76087,-0.0011087,0.0015142,-0.00040552
0.77174,-0.0026004,0.0035517,-0.00095133
0.78261,-0.0074512,0.010178,-0.0027263
0.79348,-0.0052635,0.0071884,-0.0019249
0.8,-0.00096249,0.001313,-0.00035048
0.80435,0.0018244,-0.0024939,0.00066949
0.81522,0.0037685,-0.0051491,0.0013806
0.82609,0.0029864,-0.00408,0.0010937
0.83696,0.012707,-0.017358,0.0046508
0.84783,0.0098625,-0.013471,0.0036081
0.85,0.01048,-0.014314,0.003834
0.8587,0.012885,-0.017599,0.0047133
0.86957,0.014639,-0.019993,0.0053537
0.88043,0.016278,-0.022231,0.0059522
0.8913,0.015664,-0.02139,0.005726
0.9,0.011511,-0.015717,0.0042052
0.90217,0.010503,-0.014339,0.003836
0.91304,0.012136,-0.016569,0.0044329
0.92391,0.012257,-0.016733,0.0044766
0.93478,0.007138,-0.0097408,0.0026028
0.94565,0.015818,-0.021597,0.0057793
0.95,0.017553,-0.023967,0.0064141
0.95652,0.020087,-0.027427,0.0073406
0.96739,0.019241,-0.026271,0.0070298
0.97826,0.014666,-0.02002,0.0053543
0.98913,0.012028,-0.016416,0.0043883
1,0.010544,-0.014389,0.0038453
1.0109,0.010097,-0.013779,0.0036818
1.0217,0.0069645,-0.0095001,0.0025356
1.0326,0.0039062,-0.005323,0.0014168
1.0435,0.002231,-0.0030356,0.00080461
1.05,0.00051302,-0.00068943,0.00017642
1.0543,-0.00060113,0.00083204,-0.00023091
1.0652,0.0033199,-0.0045251,0.0012052
1.0761,0.00038498,-0.00051676,0.00013177
1.087,0.002527,-0.0034436,0.00091657
1.0978,0.0094411,-0.012889,0.0034474
1.1,0.0087464,-0.011939,0.0031931
1.1087,0.0060455,-0.00825,0.0022045
1.1196,0.0074779,-0.010207,0.0027288
1.1304,0.0052494,-0.0071626,0.0019132
1.1413,0.0043436,-0.0059255,0.0015819
1.15,0.00073881,-0.0010017,0.00026288
1.1522,-0.00013739,0.00019506,-5.7671e-05
1.163,0.0056446,-0.0077037,0.0020591
1.1739,0.0057875,-0.0078989,0.0021114
1.1848,0.0052048,-0.007103,0.0018982
1.1957,0.005095,-0.0069532,0.0018581
1.2,0.0048463,-0.0066135,0.0017671
1.2065,0.0044835,-0.006118,0.0016344
1.2174,0.0010108,-0.0013744,0.00036367
1.2283,0.00072371,-0.00098288,0.00025917
1.2391,0.0042036,-0.0057368,0.0015332
1.25,0.010944,-0.014944,0.0039999
1.2609,0.010709,-0.014623,0.0039133
1.2717,0.0025268,-0.003445,0.00091821
1.2826,0.0071061,-0.0097006,0.0025945
1.2935,0.0064582,-0.0088154,0.0023571
1.3,0.0089651,-0.01224,0.0032746
1.3043,0.01059,-0.014459,0.0038691
1.3152,0.01323,-0.018065,0.0048348
1.3261,0.012227,-0.016693,0.0044666
1.337,0.0090717,-0.012383,0.0033114
1.3478,0.01316,-0.017968,0.0048075
1.35,0.012514,-0.017084,0.0045706
1.3587,0.010001,-0.013652,0.0036506
1.3696,0.0075909,-0.010359,0.0027684
1.3804,0.010526,-0.014369,0.0038426
1.3913,0.011351,-0.015495,0.0041443
1.4,0.0069037,-0.0094201,0.0025164
1.4022,0.0058231,-0.007944,0.0021209
1.413,0.0050885,-0.0069409,0.0018524
1.4239,0.0045227,-0.0061685,0.0016457
1.4348,0.0039951,-0.0054481,0.0014531
1.4457,0.0050973,-0.0069542,0.0018569
1.45,0.0032247,-0.0043964,0.0011716
1.4565,0.00049366,-0.00066607,0.00017241
1.4674,-0.0007584,0.0010434,-0.000285
1.4783,-0.0050407,0.006892,-0.0018513
1.4891,-0.0021978,0.0030075,-0.00080963
1.5,0.0018659,-0.0025443,0.00067836
1.5109,0.0012466,-0.0016986,0.000452
1.5217,0.0024759,-0.0033781,0.00090217
1.5326,0.0046557,-0.0063557,0.0017
1.5435,0.0060395,-0.0082458,0.0022063
1.55,0.0070379,-0.0096094,0.0025715
1.5543,0.0076852,-0.010493,0.0028082
1.5652,0.0066991,-0.0091461,0.0024469
1.5761,0.0077662,-0.010603,0.0028371
1.587,0.0033554,-0.0045779,0.0012225
1.5978,0.0048516,-0.0066219,0.0017703
1.6,0.0056178,-0.0076684,0.0020507
1.6087,0.0085971,-0.011738,0.0031409
1.6196,0.0076306,-0.010417,0.0027867
1.6304,0.0073169,-0.0099885,0.0026716
1.6413,0.013226,-0.01806,0.004834
1.65,0.012193,-0.016648,0.004455
1.6522,0.011942,-0.016305,0.0043631
1.663,0.011945,-0.016309,0.0043635
1.6739,0.013794,-0.018834,0.0050396
1.6848,0.010338,-0.014112,0.003774
1.6957,0.010768,-0.014699,0.003931
1.7,0.012064,-0.016469,0.004405
1.7065,0.013954,-0.01905,0.0050965
1.7174,0.014651,-0.020002,0.005351
1.7283,0.01462,-0.019959,0.0053391
1.7391,0.0087565,-0.011949,0.0031926
1.75,0.0047882,-0.0065287,0.0017405
1.7609,-0.0019147,0.0026266,-0.0007119
1.7717,-0.0048975,0.0066997,-0.0018022
1.7826,-0.0034902,0.0047757,-0.0012855
1.7935,-0.0034224,0.0046819,-0.0012595
1.8,-0.0051431,0.0070317,-0.0018886
1.8043,-0.0062597,0.0085564,-0.0022967
1.8152,0.001899,-0.0025893,0.00069038
1.8261,-2.1042e-05,3.3056e-05,-1.2014e-05
1.837,0.00027276,-0.00036872,9.5957e-05
1.8478,0.00033185,-0.0004498,0.00011795
1.85,0.00045641,-0.00062001,0.00016361
1.8587,0.00093958,-0.0012803,0.00034068
1.8696,0.0037374,-0.0051022,0.0013648
1.8804,-0.0036815,0.0050318,-0.0013504
1.8913,-0.0083502,0.011408,-0.0030582
1.9,-0.0123,0.016802,-0.0045026
1.9022,-0.01326,0.018114,-0.0048539
1.913,-0.011256,0.015375,-0.0041187
1.9239,-0.010657,0.014556,-0.0038983
1.9348,-0.010113,0.013811,-0.003698
1.9457,-0.0093433,0.012759,-0.0034154
1.95,-0.0076691,0.010471,-0.0028024
1.9565,-0.0052298,0.0071391,-0.0019093
1.9674,-0.0061515,0.0083979,-0.0022464
1.9783,-0.011055,0.015096,-0.0040409
1.9891,-0.013837,0.018895,-0.0050581
2,-0.016777,0.02291,-0.006133
2.0109,-0.020191,0.027572,-0.0073809
2.0217,-0.018883,0.025783,-0.0069006
2.0326,-0.022916,0.031291,-0.0083754
2.0435,-0.022603,0.030862,-0.0082591
2.05,-0.019264,0.0263,-0.0070364
2.0543,-0.017103,0.023348,-0.006245
2.0652,-0.020258,0.027657,-0.007399
2.0761,-0.020476,0.027953,-0.0074778
2.087,-0.022654,0.030928,-0.008274
2.0978,-0.025197,0.034401,-0.0092039
2.1,-0.024012,0.032781,-0.0087697
2.1087,-0.019405,0.026488,-0.0070829
2.1196,-0.020626,0.028156,-0.0075295
2.1304,-0.023598,0.032214,-0.0086165
2.1413,-0.02619,0.035755,-0.0095644
2.15,-0.027157,0.037075,-0.0099174
2.1522,-0.027393,0.037397,-0.010004
2.163,-0.025472,0.034772,-0.0092995
2.1739,-0.027056,0.036935,-0.0098784
2.1848,-0.022213,0.030319,-0.0081053
2.1957,-0.022051,0.030097,-0.0080458
2.2,-0.021264,0.029022,-0.0077577
2.2065,-0.020118,0.027456,-0.0073382
2.2174,-0.023195,0.031659,-0.0084643
2.2283,-0.023813,0.032503,-0.0086903
2.2391,-0.021736,0.029666,-0.0079299
2.25,-0.023485,0.032055,-0.0085701
2.2609,-0.024996,0.034118,-0.0091226
2.2717,-0.024233,0.033076,-0.0088432
2.2826,-0.023345,0.031863,-0.008518
2.2935,-0.026539,0.036226,-0.0096868
2.3,-0.02545,0.034739,-0.0092881
2.3043,-0.024746,0.033776,-0.0090301
2.3152,-0.019504,0.026616,-0.0071115
2.3261,-0.013311,0.018157,-0.0048455
2.337,-0.018166,0.02479,-0.0066235
2.3478,-0.012447,0.016977,-0.0045307
2.35,-0.011287,0.015393,-0.0041065
2.3587,-0.0067755,0.0092319,-0.0024565
2.3696,-0.0053517,0.0072887,-0.0019371
2.3804,-0.0080317,0.010951,-0.0029195
2.3913,-0.005775,0.0078698,-0.0020948
2.4,-0.0053094,0.0072349,-0.0019255
2.4022,-0.0051955,0.0070796,-0.0018841
2.413,-0.0089699,0.012236,-0.0032666
2.4239,-0.0099402,0.013563,-0.0036224
2.4348,-0.010915,0.014894,-0.0039795
2.4457,-0.008257,0.011264,-0.0030073
2.45,-0.0080085,0.010925,-0.0029166
2.4565,-0.0076448,0.010429,-0.0027839
2.4674,-0.010382,0.014169,-0.0037863
2.4783,-0.0062967,0.0085881,-0.0022914
2.4891,-0.0023549,0.0032044,-0.00084948
2.5,-0.0021026,0.0028608,-0.00075824
2.5109,-0.0003269,0.00043631,-0.00010941
2.5217,0.00063227,-0.00087277,0.0002405
2.5326,0.00075468,-0.0010389,0.00028419
2.5435,-0.0049871,0.0068052,-0.0018181
2.55,-0.0026361,0.0035939,-0.00095779
2.5543,-0.0011117,0.0015117,-0.00040005
2.5652,-0.0044618,0.0060886,-0.0016267
2.5761,-0.0052538,0.0071706,-0.0019167
2.587,-0.0028506,0.0038879,-0.0010373
2.5978,0.0011043,-0.001514,0.00040969
2.6,0.00011484,-0.0001622,4.7359e-05
2.6087,-0.0037304,0.0050907,-0.0013604
2.6196,-0.0049519,0.0067594,-0.0018075
2.6304,-0.0094127,0.012853,-0.00344
2.6413,-0.0049954,0.0068183,-0.0018228
2.65,-0.0054397,0.0074251,-0.0019854
2.6522,-0.0055475,0.0075723,-0.0020249
2.663,-0.0074883,0.010223,-0.002735
2.6739,-0.014128,0.019292,-0.0051644
2.6848,-0.017668,0.024127,-0.006459
2.6957,-0.018593,0.025389,-0.0067961
2.7,-0.01621,0.022133,-0.0059234
2.7065,-0.012737,0.017389,-0.0046517
2.7174,-0.012586,0.017182,-0.0045958
2.7283,-0.013092,0.017872,-0.0047804
2.7391,-0.011831,0.01615,-0.0043188
2.75,-0.011817,0.01613,-0.0043133
2.7609,-0.010881,0.014851,-0.0039704
2.7717,-0.0082953,0.011319,-0.003024
2.7826,-0.0077843,0.010622,-0.0028372
2.7935,-0.005394,0.0073567,-0.0019626
2.8,-0.0055834,0.0076157,-0.0020323
2.8043,-0.0057056,0.0077828,-0.0020772
2.8152,-0.0074074,0.010108,-0.0027003
2.8261,-0.0036794,0.0050156,-0.0013362
2.837,-0.0025526,0.003477,-0.00092444
2.8478,-0.0051785,0.0070646,-0.0018861
2.85,-0.0057171,0.0078004,-0.0020833
2.8587,-0.0078107,0.01066,-0.0028497
2.8696,-0.0014138,0.0019224,-0.00050858
2.8804,-0.00036639,0.00049236,-0.00012597
2.8913,-0.008304,0.011336,-0.0030316
2.9,-0.0087925,0.012003,-0.0032102
2.9022,-0.0089112,0.012165,-0.0032536
2.913,-0.0051936,0.0070864,-0.0018928
2.9239,-0.0038241,0.0052158,-0.0013917
2.9348,-0.0057777,0.0078846,-0.002107
2.9457,-0.0048398,0.0066036,-0.0017638
2.95,-0.0076037,0.010379,-0.0027754
2.9565,-0.011634,0.015884,-0.0042502
2.9674,-0.0088098,0.012026,-0.0032161
2.9783,-0.0052664,0.0071855,-0.0019191
2.9891,-0.0072009,0.0098282,-0.0026272
3,-0.0061152,0.0083451,-0.0022298
3.0109,-0.00052019,0.00070251,-0.00018232
3.0217,-0.0020726,0.0028237,-0.00075114
3.0326,0.00027107,-0.00037715,0.00010607
3.0435,0.00041392,-0.00057158,0.00015766
3.05,0.00074109,-0.0010181,0.000277
3.0543,0.00095407,-0.0013088,0.00035469
3.0652,0.0092943,-0.012701,0.0034063
3.0761,0.013374,-0.018271,0.0048976
3.087,0.0099197,-0.013551,0.0036317
3.0978,0.005992,-0.008185,0.002193
3.1,0.005009,-0.0068421,0.001833
3.1087,0.001189,-0.0016235,0.00043455
3.1196,0.0026033,-0.0035554,0.00095209
3.1304,0.0077002,-0.010517,0.0028171
3.1413,0.0051792,-0.007073,0.0018937
3.15,0.00388,-0.005298,0.0014179
3.1522,0.0035648,-0.0048673,0.0013025
3.163,0.006094,-0.008322,0.0022279
3.1739,0.0079634,-0.010875,0.0029116
3.1848,0.010498,-0.014337,0.0038385
3.1957,0.011915,-0.016271,0.0043561
3.2,0.011537,-0.015754,0.0042173
3.2065,0.010987,-0.015003,0.0040158
3.2174,0.0092703,-0.012657,0.0033867
3.2283,0.0069351,-0.0094667,0.0025316
3.2391,0.0066321,-0.0090527,0.0024206
3.25,0.0037328,-0.0050923,0.0013595
3.2609,0.0037285,-0.0050867,0.0013582
3.2717,0.0017101,-0.0023299,0.00061979
3.2826,-0.0016051,0.0021981,-0.00059299
3.2935,-0.00033105,0.00045695,-0.00012591
3.3,0.001334,-0.0018179,0.00048385
3.3043,0.0024128,-0.0032916,0.00087883
3.3152,0.0097785,-0.013353,0.0035746
3.3261,0.012996,-0.017748,0.0047515
3.337,0.0082251,-0.011229,0.0030044
3.3478,0.010039,-0.013706,0.0036678
3.35,0.0086691,-0.011836,0.0031664
3.3587,0.0033452,-0.0045629,0.0012177
3.3696,0.0025234,-0.0034408,0.00091735
3.3804,0.0021035,-0.0028675,0.00076406
3.3913,0.0027232,-0.0037145,0.00099127
3.4,0.0042555,-0.0058079,0.0015523
3.4022,0.0046279,-0.0063165,0.0016886
3.413,0.0063961,-0.0087319,0.0023358
3.4239,0.0051799,-0.0070703,0.0018905
3.4348,0.007213,-0.0098475,0.0026345
3.4457,0.0065968,-0.0090055,0.0024088
3.45,0.0057427,-0.0078389,0.0020961
3.4565,0.0044979,-0.0061384,0.0016405
3.4674,0.0037413,-0.005105,0.0013637
3.4783,-0.0024144,0.0033032,-0.00088883
3.4891,0.00038627,-0.00052328,0.00013702
3.5,0.00059285,-0.00080595,0.0002131
3.5109,0.0046937,-0.0064079,0.0017143
3.5217,0.0041752,-0.0056997,0.0015244
3.5326,-0.0039821,0.0054431,-0.0014609
3.5435,-0.00076809,0.0010519,-0.00028378
3.55,-0.00074689,0.0010226,-0.00027574
3.5543,-0.00073368,0.0010044,-0.00027074
3.5652,0.0038958,-0.0053196,0.0014239
3.5761,0.0050977,-0.0069612,0.0018635
3.587,0.0011638,-0.0015874,0.00042358
3.5978,-0.0021581,0.00295,-0.00079194
3.6,-0.0018445,0.0025215,-0.00067704
3.6087,-0.00062633,0.00085715,-0.00023082
3.6196,0.0022929,-0.0031307,0.00083781
3.6304,0.0018453,-0.0025193,0.00067396
3.6413,0.0013837,-0.0018887,0.00050502
3.65,0.00088014,-0.0012009,0.00032077
3.6522,0.00075769,-0.0010337,0.00027598
3.663,-0.0019657,0.0026862,-0.00072055
3.6739,0.0017067,-0.0023305,0.00062382
3.6848,6.8853e-05,-9.3219e-05,2.4366e-05
3.6957,-0.0025403,0.0034707,-0.00093035
3.7,-0.0039693,0.0054225,-0.0014532
3.7065,-0.0060541,0.00827,-0.0022158
3.7174,-0.0022911,0.003129,-0.00083791
3.7283,-0.0038141,0.0052091,-0.001395
3.7391,-0.0058931,0.0080484,-0.0021554
3.75,-0.0068954,0.0094169,-0.0025216
3.7609,-0.0092647,0.012653,-0.003388
3.7717,-0.0098012,0.013385,-0.0035834
3.7826,-0.010923,0.014916,-0.003993
3.7935,-0.012355,0.016871,-0.0045161
3.8,-0.012485,0.017048,-0.0045632
3.8043,-0.012571,0.017165,-0.0045943
3.8152,-0.0092932,0.012687,-0.0033938
3.8261,-0.014793,0.020199,-0.0054061
3.837,-0.013821,0.018871,-0.0050494
3.8478,-0.01749,0.023882,-0.0063913
3.85,-0.019665,0.026852,-0.0071872
3.8587,-0.028128,0.038411,-0.010283
3.8696,-0.027476,0.037519,-0.010042
3.8804,-0.023701,0.03236,-0.0086588
3.8913,-0.01949,0.026606,-0.0071163
3.9,-0.016562,0.022605,-0.006044
3.9022,-0.015851,0.021634,-0.0057837
3.913,-0.014048,0.019171,-0.0051237
3.9239,-0.017507,0.023897,-0.0063898
3.9348,-0.013353,0.018222,-0.0048692
3.9457,-0.016408,0.022395,-0.0059873
3.95,-0.016484,0.022499,-0.006015
3.9565,-0.016596,0.022652,-0.0060558
3.9674,-0.015892,0.02169,-0.005798
3.9783,-0.018662,0.025474,-0.0068117
3.9891,-0.019274,0.026309,-0.0070353
4,-0.02205,0.030101,-0.0080509
4.0109,-0.014259,0.019458,-0.0051988
4.0217,-0.017052,0.023273,-0.0062213
4.0326,-0.016754,0.022866,-0.0061121
4.0435,-0.017702,0.024161,-0.0064591
4.05,-0.018076,0.024672,-0.0065959
4.0543,-0.01832,0.025004,-0.0066849
4.0652,-0.01865,0.025455,-0.0068056
4.0761,-0.017245,0.023536,-0.0062913
4.087,-0.013758,0.018773,-0.005015
4.0978,-0.019831,0.02707,-0.0072381
4.1,-0.019544,0.026676,-0.0071327
4.1087,-0.018426,0.02515,-0.0067235
4.1196,-0.016896,0.023059,-0.0061633
4.1304,-0.018275,0.024943,-0.0066681
4.1413,-0.024322,0.033204,-0.0088811
4.15,-0.018398,0.02511,-0.0067122
4.1522,-0.016959,0.023144,-0.0061855
4.163,-0.018241,0.024896,-0.006655
4.1739,-0.014961,0.020416,-0.0054547
4.1848,-0.014804,0.020202,-0.0053975
4.1957,-0.011775,0.016064,-0.0042892
4.2,-0.012073,0.016471,-0.0043985
4.2065,-0.012506,0.017064,-0.0045576
4.2174,-0.012435,0.016967,-0.004532
4.2283,-0.01096,0.014953,-0.0039927
4.2391,-0.0093856,0.012803,-0.0034171
4.25,-0.0070252,0.0095792,-0.002554
4.2609,-0.0094142,0.012843,-0.0034293
4.2717,-0.0074452,0.010154,-0.0027093
4.2826,-0.0080858,0.01103,-0.0029445
4.2935,-0.013271,0.018114,-0.0048428
4.3,-0.013103,0.017884,-0.0047812
4.3043,-0.012994,0.017736,-0.0047413
4.3152,-0.0097077,0.013246,-0.0035385
4.3261,-0.0072721,0.0099196,-0.0026475
4.337,-0.005734,0.0078192,-0.0020852
4.3478,-0.0038627,0.0052638,-0.0014011
4.35,-0.0037805,0.0051517,-0.0013712
4.3587,-0.0034586,0.0047126,-0.0012541
4.3696,0.00063136,-0.00087323,0.00024187
4.3804,0.0046343,-0.0063399,0.0017056
4.3913,0.0023741,-0.0032509,0.00087682
4.4,0.00029057,-0.00040395,0.00011338
4.4022,-0.00021492,0.00028672,-7.1803e-05
4.413,-0.0018093,0.0024653,-0.00065602
4.4239,-0.0033188,0.0045277,-0.0012089
4.4348,-0.0079892,0.010907,-0.0029183
4.4457,-0.008245,0.011257,-0.0030116
4.45,-0.0077356,0.010561,-0.002825
4.4565,-0.0069926,0.0095455,-0.0025529
4.4674,-0.0063059,0.0086074,-0.0023014
4.4783,-0.0010282,0.0013981,-0.00036991
4.4891,-0.00099643,0.0013552,-0.00035882
4.5,-0.00096491,0.0013127,-0.00034778
4.5109,-0.0001897,0.00025422,-6.452e-05
4.5217,-0.0027251,0.003718,-0.00099288
4.5326,-0.00094077,0.0012808,-0.00034001
4.5435,0.003629,-0.004961,0.001332
4.55,0.0053069,-0.0072525,0.0019456
4.5543,0.0063957,-0.0087394,0.0023437
4.5652,0.010113,-0.013817,0.0037032
4.5761,0.0096025,-0.013117,0.0035148
4.587,0.0050313,-0.006872,0.0018407
4.5978,-0.0011053,0.001511,-0.00040563
4.6,-0.00080846,0.0011054,-0.00029691
4.6087,0.00034665,-0.00047264,0.00012599
4.6196,0.0022416,-0.0030611,0.00081951
4.6304,0.00064705,-0.00088286,0.00023581
4.6413,0.0011544,-0.0015759,0.0004215
4.65,-0.0015185,0.0020753,-0.00055672
4.6522,-0.0021679,0.0029622,-0.00079432
4.663,-0.0038869,0.00531,-0.001423
4.6739,0.00055946,-0.00076417,0.00020471
4.6848,0.0028764,-0.003929,0.0010526
4.6957,-0.00060824,0.00083117,-0.00022293
4.7,-0.0002718,0.00037153,-9.9735e-05
4.7065,0.00021911,-0.00029911,7.9995e-05
4.7174,-0.0067605,0.0092348,-0.0024742
4.7283,-0.0054745,0.0074772,-0.0020027
4.7391,-0.0039227,0.0053569,-0.0014342
4.75,-0.0070914,0.0096848,-0.0025934
4.7609,-0.012162,0.01661,-0.0044483
4.7717,-0.0078697,0.010746,-0.0028763
4.7826,-0.0026365,0.003597,-0.0009605
4.7935,-0.0030195,0.0041203,-0.0011007
4.8,-0.0040178,0.0054838,-0.0014661
4.8043,-0.0046647,0.0063675,-0.0017028
4.8152,-0.0086772,0.011848,-0.003171
4.8261,-0.0067138,0.0091656,-0.0024518
4.837,-0.0075814,0.01035,-0.002769
4.8478,-0.011785,0.016093,-0.0043071
4.85,-0.01197,0.016344,-0.0043744
4.8587,-0.012689,0.017326,-0.004637
4.8696,-0.0098313,0.013422,-0.0035902
4.8804,-0.010185,0.013904,-0.0037191
4.8913,-0.0089986,0.012283,-0.0032845
4.9,-0.010813,0.014761,-0.0039483
4.9022,-0.011254,0.015364,-0.0041097
4.913,-0.012163,0.016605,-0.0044418
4.9239,-0.0087222,0.011904,-0.003182
4.9348,-0.0086415,0.011794,-0.0031524
4.9457,-0.0062352,0.0085069,-0.0022717
4.95,-0.005259,0.0071735,-0.0019145
4.9565,-0.0038355,0.0052292,-0.0013937
4.9674,-0.0034712,0.004732,-0.0012609
4.9783,-0.00069532,0.0009408,-0.00024549
4.9891,0.00060609,-0.0008361,0.00023001
5,-0.0026946,0.0036733,-0.00097876
5.0109,0.00092389,-0.001269,0.00034508
5.0217,-0.0011462,0.0015595,-0.00041328
5.0326,-0.0075665,0.01033,-0.0027633
5.0435,-0.0050891,0.0069454,-0.0018563
5.05,-0.0064546,0.0088106,-0.0023561
5.0543,-0.0073396,0.010019,-0.0026799
5.0652,-0.0019995,0.0027249,-0.00072534
5.0761,-0.0066415,0.009066,-0.0024245
5.087,-0.012559,0.017148,-0.0045897
5.0978,-0.014429,0.019703,-0.0052734
5.1,-0.014713,0.02009,-0.0053771
5.1087,-0.01582,0.021601,-0.0057814
5.1196,-0.014944,0.020404,-0.0054598
5.1304,-0.011609,0.015847,-0.0042382
5.1413,-0.0080701,0.011013,-0.0029428
5.15,-0.010223,0.013954,-0.0037307
5.1522,-0.010746,0.014668,-0.0039222
5.163,-0.010811,0.014757,-0.0039458
5.1739,-0.012738,0.017389,-0.0046507
5.1848,-0.0091033,0.012423,-0.00332
5.1957,-0.0049835,0.0067959,-0.0018124
5.2,-0.0043122,0.0058791,-0.0015669
5.2065,-0.0033327,0.0045414,-0.0012088
5.2174,-0.008196,0.011185,-0.0029892
5.2283,-0.0085065,0.011609,-0.0031029
5.2391,-0.0051002,0.0069566,-0.0018563
5.25,-0.00464,0.0063282,-0.0016883
5.2609,-0.0047624,0.0064959,-0.0017335
5.2717,-0.0042076,0.0057384,-0.0015308
5.2826,3.2753e-05,-5.3355e-05,2.0602e-05
5.2935,0.00068398,-0.00094205,0.00025807
5.3,-0.0022688,0.0030919,-0.00082312
5.3043,-0.0041814,0.0057048,-0.0015233
5.3152,-0.0097706,0.01334,-0.003569
5.3261,-0.010177,0.013894,-0.0037173
5.337,-0.0065821,0.0089833,-0.0024011
5.3478,-0.0046742,0.0063771,-0.0017029
5.35,-0.0045949,0.0062688,-0.0016739
5.3587,-0.004286,0.0058469,-0.001561
5.3696,-0.0072529,0.0098999,-0.002647
5.3804,-0.0049767,0.0067906,-0.0018139
5.3913,-0.0067867,0.009263,-0.0024764
5.4,-0.0090396,0.01234,-0.0033008
5.4022,-0.0095872,0.013088,-0.0035012
5.413,-0.009455,0.012907,-0.0034524
5.4239,-0.011233,0.015335,-0.0041026
5.4348,-0.011595,0.015829,-0.0042346
5.4457,-0.0070547,0.0096272,-0.0025726
5.45,-0.0080263,0.010955,-0.0029282
5.4565,-0.0094432,0.01289,-0.0034467
5.4674,-0.01377,0.0188,-0.00503
5.4783,-0.015647,0.021364,-0.0057163
5.4891,-0.014482,0.019771,-0.0052889
5.5,-0.0076247,0.010403,-0.0027788
5.5109,-0.0051766,0.0070598,-0.0018831
5.5217,-0.005195,0.0070853,-0.0018903
5.5326,-0.0035269,0.0048072,-0.0012803
5.5435,-0.00083445,0.0011301,-0.00029561
5.55,4.8428e-05,-7.541e-05,2.6982e-05
5.5543,0.00062159,-0.00085796,0.00023638
5.5652,-0.0023671,0.0032254,-0.00085832
5.5761,0.0030855,-0.0042221,0.0011366
5.587,-0.00080563,0.0010941,-0.00028851
5.5978,-0.0011449,0.0015582,-0.00041322
5.6,-0.0020667,0.0028174,-0.00075069
5.6087,-0.0056499,0.0077123,-0.0020623
5.6196,-0.0043101,0.005882,-0.0015719
5.6304,-0.0048186,0.0065766,-0.001758
5.6413,-0.0055458,0.0075698,-0.0020241
5.65,-0.0026409,0.0036017,-0.00096086
5.6522,-0.0019349,0.0026374,-0.00070251
5.663,-0.0050518,0.0068953,-0.0018435
5.6739,0.0010981,-0.0015053,0.00040721
5.6848,0.003888,-0.0053155,0.0014275
5.6957,0.0039596,-0.0054124,0.0014528
5.7,0.0030185,-0.0041266,0.0011081
5.7065,0.001648,-0.0022541,0.00060605
5.7174,0.0043151,-0.0058967,0.0015816
5.7283,0.0050443,-0.0068921,0.0018477
5.7391,0.0040818,-0.0055766,0.0014947
5.75,0.0085319,-0.011655,0.0031227
5.7609,0.011394,-0.015563,0.0041692
5.7717,0.0092046,-0.012571,0.0033666
5.7826,0.013039,-0.017807,0.0047688
5.7935,0.01102,-0.015048,0.0040287
5.8,0.0073818,-0.010078,0.0026967
5.8043,0.0050257,-0.0068599,0.0018342
5.8152,0.0034476,-0.0047043,0.0012567
5.8261,0.0043342,-0.0059154,0.0015812
5.837,0.0039267,-0.0053587,0.0014321
5.8478,0.0010736,-0.0014617,0.00038804
5.85,-6.2036e-06,1.3315e-05,-7.1109e-06
5.8587,-0.0042055,0.0057491,-0.0015435
5.8696,-0.0022347,0.003056,-0.00082129
5.8804,-0.003039,0.004154,-0.001115
5.8913,-0.0037966,0.0051881,-0.0013915
5.9,-0.0077455,0.010582,-0.0028362
5.9022,-0.0087055,0.011893,-0.0031873
5.913,-0.0049482,0.0067593,-0.001811
5.9239,-0.0053511,0.0073089,-0.0019578
5.9348,-0.00087119,0.0011889,-0.00031768
5.9457,-0.0038701,0.0052852,-0.0014151
5.95,-0.0025915,0.0035384,-0.00094697
5.9565,-0.00072754,0.00099218,-0.00026465
5.9674,-0.0034946,0.0047719,-0.0012773
5.9783,-0.0095854,0.013091,-0.003506
5.9891,-0.009792,0.013373,-0.0035806
6,-0.0099817,0.013631,-0.003649
6.0109,-0.0078558,0.010726,-0.0028702
6.0217,-0.0068621,0.0093681,-0.002506
6.0326,-0.0027587,0.0037627,-0.001004
6.0435,-0.0023766,0.0032409,-0.00086431
6.05,-0.0025631,0.0034957,-0.00093267
6.0543,-0.0026839,0.0036608,-0.00097694
6.0652,-0.0084827,0.011582,-0.0030992
6.0761,-0.0099656,0.013607,-0.0036414
6.087,-0.0094037,0.012839,-0.0034351
6.0978,-0.0081937,0.011185,-0.0029917
6.1,-0.0091273,0.012461,-0.0033333
6.1087,-0.012759,0.017421,-0.0046621
6.1196,-0.0087393,0.01193,-0.0031902
6.1304,-0.0056398,0.0076954,-0.0020556
6.1413,-0.0090929,0.012412,-0.0033195
6.15,-0.013887,0.018961,-0.0050739
6.1522,-0.015053,0.020553,-0.0055003
6.163,-0.013,0.017748,-0.0047481
6.1739,-0.012569,0.017159,-0.0045898
6.1848,-0.012286,0.016772,-0.0044857
6.1957,-0.016172,0.022079,-0.0059071
6.2,-0.013048,0.017811,-0.0047634
6.2065,-0.0084938,0.01159,-0.0030965
6.2174,-0.010604,0.014473,-0.003869
6.2283,-0.0099123,0.013528,-0.0036156
6.2391,-0.0124,0.016926,-0.004526
6.25,-0.019321,0.026379,-0.0070585
6.2609,-0.020553,0.028061,-0.0075083
6.2717,-0.01819,0.024833,-0.0066425
6.2826,-0.020258,0.027657,-0.0073986
6.2935,-0.02126,0.029025,-0.0077645
6.3,-0.021216,0.028964,-0.0077476
6.3043,-0.021189,0.028926,-0.0077373
6.3152,-0.01747,0.023846,-0.0063757
6.3261,-0.015713,0.021446,-0.0057323
6.337,-0.012851,0.017535,-0.0046847
6.3478,-0.010275,0.014017,-0.0037423
6.35,-0.010569,0.01442,-0.0038503
6.3587,-0.011714,0.015984,-0.0042698
6.3696,-0.006371,0.0086856,-0.0023146
6.3804,-0.0040419,0.0055052,-0.0014632
6.3913,-0.0092149,0.012572,-0.0033574
6.4,-0.0068091,0.0092864,-0.0024773
6.4022,-0.0062243,0.0084877,-0.0022634
6.413,-0.010164,0.01387,-0.003706
6.4239,-0.0061654,0.0084082,-0.0022428
6.4348,-0.0054313,0.0074061,-0.0019748
6.4457,-0.0046149,0.0062917,-0.0016767
6.45,-0.0038304,0.0052202,-0.0013899
6.4565,-0.0026851,0.0036563,-0.00097119
6.4674,0.00062489,-0.00086416,0.00023927
6.4783,-0.00084215,0.0011409,-0.00029879
6.4891,-0.0035493,0.0048396,-0.0012904
6.5,0.00082806,-0.0011391,0.00031108
6.5109,0.0029883,-0.004089,0.0011007
6.5217,-0.0032031,0.0043693,-0.0011662
6.5326,-0.0031157,0.0042502,-0.0011345
6.5435,-0.003506,0.0047835,-0.0012776
6.55,-0.0053316,0.0072774,-0.0019458
6.5543,-0.0065143,0.0088929,-0.0023787
6.5652,-0.0082753,0.011298,-0.0030229
6.5761,-0.0056662,0.0077339,-0.0020677
6.587,0.0014534,-0.0019912,0.00053784
6.5978,0.0047156,-0.0064466,0.0017309
6.6,0.0042446,-0.0058029,0.0015583
6.6087,0.0024161,-0.0033044,0.00088827
6.6196,0.0014395,-0.0019696,0.00053016
6.6304,0.00023464,-0.00032334,8.8701e-05
6.6413,0.00023252,-0.00032011,8.7596e-05
6.65,-0.00028862,0.00039198,-0.00010336
6.6522,-0.00041492,0.00056456,-0.00014964
6.663,-0.0025072,0.0034228,-0.00091553
6.6739,-0.0032104,0.0043831,-0.0011728
6.6848,-0.0049969,0.0068233,-0.0018264
6.6957,-0.00067634,0.00092122,-0.00024488
6.7,0.00011219,-0.00015585,4.3654e-05
6.7065,0.0012628,-0.0017274,0.0004646
6.7174,0.0036373,-0.0049705,0.0013332
6.7283,0.0029478,-0.004028,0.0010802
6.7391,0.0017885,-0.002444,0.00065548
6.75,0.0038832,-0.005305,0.0014218
6.7609,-0.00075909,0.0010367,-0.00027765
6.7717,0.0050119,-0.0068462,0.0018344
6.7826,0.0088525,-0.012092,0.0032393
6.7935,0.014098,-0.019257,0.0051581
6.8,0.013885,-0.018964,0.0050792
6.8043,0.013749,-0.018778,0.0050289
6.8152,0.015466,-0.021122,0.0056559
6.8261,0.0096958,-0.013238,0.0035427
6.837,0.0053545,-0.0073079,0.0019534
6.8478,0.0047445,-0.0064746,0.0017301
6.85,0.0039734,-0.0054213,0.0014479
6.8587,0.00097581,-0.0013268,0.00035103
6.8696,-0.00086175,0.0011827,-0.00032093
6.8804,-0.00018056,0.0002515,-7.094e-05
6.8913,-8.6327e-05,0.00012223,-3.5901e-05
6.9,-0.0010541,0.0014438,-0.00038968
6.9022,-0.0012894,0.0017651,-0.00047568
6.913,-0.0075175,0.010272,-0.0027543
6.9239,-0.0089161,0.012181,-0.0032649
6.9348,-0.012357,0.016879,-0.0045227
6.9457,-0.011604,0.01585,-0.0042458
6.95,-0.012408,0.016948,-0.0045395
6.9565,-0.013583,0.018552,-0.0049687
6.9674,-0.0096824,0.013222,-0.0035396
6.9783,-0.0095951,0.013102,-0.0035068
6.9891,-0.0072568,0.0099071,-0.0026503
7,-0.0065523,0.0089444,-0.0023921
7.0109,-0.0046811,0.0063881,-0.001707
7.0217,-0.009017,0.012311,-0.0032938
7.0326,-0.0067493,0.0092127,-0.0024634
7.0435,-0.007702,0.010514,-0.0028118
7.05,-0.010038,0.013705,-0.0036667
7.0543,-0.011553,0.015774,-0.0042209
7.0652,-0.010231,0.013968,-0.0037364
7.0761,-0.013892,0.018968,-0.0050757
7.087,-0.0094516,0.012901,-0.0034497
7.0978,-0.012788,0.017458,-0.0046703
7.1,-0.012232,0.016699,-0.0044668
7.1087,-0.010073,0.01375,-0.0036764
7.1196,-0.0055524,0.0075741,-0.0020216
7.1304,-0.0036589,0.0049879,-0.001329
7.1413,-0.0095282,0.013006,-0.0034775
7.15,-0.011359,0.015506,-0.0041472
7.1522,-0.011804,0.016114,-0.0043101
7.163,-0.0073174,0.0099852,-0.0026677
7.1739,-0.0052779,0.0071994,-0.0019215
7.1848,-0.00055252,0.00074504,-0.00019251
7.1957,0.00137,-0.0018802,0.00051018
7.2,0.0025882,-0.0035438,0.00095561
7.2065,0.0043661,-0.0059717,0.0016056
7.2174,0.0060495,-0.0082699,0.0022204
7.2283,0.004416,-0.0060373,0.0016212
7.2391,0.0057399,-0.0078446,0.0021047
7.25,0.0062504,-0.0085408,0.0022904
7.2609,0.01099,-0.015014,0.0040238
7.2717,0.013088,-0.017878,0.0047902
7.2826,0.0089078,-0.012167,0.0032588
7.2935,0.012386,-0.016917,0.0045308
7.3,0.012283,-0.016775,0.0044921
7.3043,0.012217,-0.016685,0.0044677
7.3152,0.012647,-0.017271,0.0046238
7.3261,0.012389,-0.016917,0.0045283
7.337,0.014337,-0.019577,0.0052402
7.3478,0.015369,-0.020986,0.0056168
7.35,0.014681,-0.020046,0.005365
7.3587,0.012012,-0.016399,0.0043873
7.3696,0.0076191,-0.010398,0.0027791
7.3804,0.0070636,-0.0096394,0.0025758
7.3913,0.010426,-0.014232,0.0038064
7.4,0.013584,-0.018546,0.0049621
7.4022,0.014352,-0.019596,0.0052431
7.413,0.013068,-0.01784,0.0047723
7.4239,0.013146,-0.017946,0.0048001
7.4348,0.015713,-0.021452,0.0057392
7.4457,0.014296,-0.019516,0.0052199
7.45,0.013835,-0.018887,0.0050512
7.4565,0.013165,-0.017971,0.0048057
7.4674,0.012906,-0.017617,0.0047106
7.4783,0.012068,-0.016471,0.0044035
7.4891,0.011675,-0.015935,0.0042598
7.5,0.013593,-0.018554,0.0049614
7.5109,0.013035,-0.017791,0.0047569
7.5217,0.013937,-0.019024,0.0050871
7.5326,0.015549,-0.021226,0.0056767
7.5435,0.0074827,-0.010207,0.0027243
7.55,0.0074845,-0.01021,0.0027253
7.5543,0.0074855,-0.010211,0.0027259
7.5652,0.0083291,-0.011364,0.0030352
7.5761,0.014668,-0.020023,0.0053552
7.587,0.015967,-0.021797,0.0058302
7.5978,0.013521,-0.018455,0.0049345
7.6,0.012662,-0.017282,0.0046203
7.6087,0.0093246,-0.012723,0.0033987
7.6196,0.013766,-0.018791,0.0050247
7.6304,0.012777,-0.01744,0.0046625
7.6413,0.0051876,-0.0070724,0.0018848
7.65,0.0063726,-0.0086918,0.0023192
7.6522,0.0066603,-0.0090849,0.0024246
7.663,0.0049291,-0.0067208,0.0017916
7.6739,0.0097118,-0.013254,0.0035427
7.6848,0.0095735,-0.013066,0.0034921
7.6957,0.0073395,-0.010014,0.0026746
7.7,0.0048705,-0.0066417,0.0017712
7.7065,0.0012697,-0.0017235,0.00045371
7.7174,0.00048167,-0.00064801,0.00016634
7.7283,-0.004149,0.0056762,-0.0015273
7.7391,-0.0087981,0.012025,-0.0032272
7.75,-0.0034537,0.0047232,-0.0012695
7.7609,-0.0031996,0.004375,-0.0011754
7.7717,-0.0056789,0.0077607,-0.0020818
7.7826,-0.0041822,0.0057151,-0.0015329
7.7935,-0.0044414,0.0060684,-0.001627
7.8,-0.0022164,0.0030286,-0.0008122
7.8043,-0.00077573,0.0010604,-0.00028471
7.8152,-0.0071667,0.00979,-0.0026233
7.8261,-0.0042141,0.0057559,-0.0015418
7.837,-0.0013317,0.0018181,-0.00048639
7.8478,-0.00071332,0.00097326,-0.00025995
7.85,-0.00080296,0.0010957,-0.00029275
7.8587,-0.0011526,0.0015732,-0.00042066
7.8696,-0.0032131,0.0043877,-0.0011746
7.8804,-0.0040655,0.0055518,-0.0014863
7.8913,-0.0019813,0.0027045,-0.00072316
7.9,-0.0023957,0.0032705,-0.00087475
7.9022,-0.0024967,0.0034084,-0.00091169
7.913,-0.0053972,0.0073702,-0.001973
7.9239,-0.0064974,0.0088726,-0.0023752
7.9348,-0.004364,0.0059579,-0.0015939
7.9457,-0.0021026,0.0028687,-0.0007661
7.95,-0.0037974,0.0051839,-0.0013864
7.9565,-0.0062695,0.0085605,-0.0022911
7.9674,-0.0068308,0.0093269,-0.0024961
7.9783,-0.0057122,0.0077985,-0.0020862
7.9891,-0.0043098,0.0058826,-0.0015728
8,-0.0052826,0.0072112,-0.0019287
8.0109,-0.00024366,0.0003281,-8.4442e-05
8.0217,-0.0019947,0.0027204,-0.00072569
8.0326,-0.0028378,0.0038722,-0.0010344
8.0435,-0.0020706,0.0028244,-0.00075375
8.05,-0.00077196,0.0010505,-0.00027857
8.0543,6.9559e-05,-9.8859e-05,2.93e-05
8.0652,-0.001475,0.0020114,-0.00053637
8.0761,-0.00058891,0.00080119,-0.00021227
8.087,-0.0034783,0.0047482,-0.0012699
8.0978,-0.0030575,0.0041734,-0.0011159
8.1,-0.0023186,0.003164,-0.00084542
8.1087,0.00055433,-0.00076029,0.00020595
8.1196,0.0028811,-0.0039382,0.0010571
8.1304,0.0030322,-0.0041439,0.0011117
8.1413,0.010259,-0.014015,0.0037558
8.15,0.008985,-0.012273,0.0032885
8.1522,0.0086762,-0.011851,0.0031752
8.163,0.0057632,-0.0078713,0.0021081
8.1739,0.006052,-0.0082651,0.0022131
8.1848,0.0040167,-0.0054845,0.0014677
8.1957,0.0028281,-0.0038606,0.0010324
8.2,0.003879,-0.005296,0.001417
8.2065,0.0054118,-0.0073896,0.0019778
8.2174,-0.00098452,0.0013479,-0.00036339
8.2283,0.0024757,-0.003379,0.0009033
8.2391,-0.0075343,0.010294,-0.0027601
8.25,-0.0091769,0.012537,-0.00336
8.2609,-0.0031022,0.004238,-0.0011357
8.2717,-0.0031931,0.0043617,-0.0011686
8.2826,-0.0055865,0.0076306,-0.0020441
8.2935,-0.0025122,0.0034306,-0.00091843
8.3,-0.0017725,0.0024201,-0.00064762
8.3043,-0.0012935,0.0017657,-0.00047225
8.3152,-0.00071618,0.00097715,-0.00026097
8.3261,0.00013014,-0.00017884,4.8705e-05
8.337,0.0012658,-0.0017299,0.00046415
8.3478,0.0055266,-0.0075498,0.0020232
8.35,0.0057592,-0.0078674,0.0021082
8.3587,0.0066655,-0.0091048,0.0024392
8.3696,0.01829,-0.024983,0.0066926
8.3804,0.019728,-0.026944,0.0072165
8.3913,0.023233,-0.03173,0.0084973
8.4,0.019399,-0.026491,0.0070922
8.4022,0.018468,-0.02522,0.0067514
8.413,0.018159,-0.024795,0.0066365
8.4239,0.016119,-0.022008,0.0058887
8.4348,0.015638,-0.02135,0.0057119
8.4457,0.013084,-0.01786,0.0047762
8.45,0.011755,-0.016044,0.0042896
8.4565,0.0098179,-0.013399,0.0035807
8.4674,0.013747,-0.018766,0.0050187
8.4783,0.017155,-0.023421,0.0062655
8.4891,0.016701,-0.0228,0.0060986
8.5,0.01661,-0.022674,0.0060643
8.5109,0.018598,-0.025389,0.0067914
8.5217,0.019816,-0.027053,0.0072365
8.5326,0.017302,-0.023618,0.0063156
8.5435,0.0088814,-0.012115,0.0032336
8.55,0.0082206,-0.011213,0.0029921
8.5543,0.0077922,-0.010628,0.0028356
8.5652,0.0033271,-0.0045293,0.0012022
8.5761,0.001425,-0.0019322,0.00050725
8.587,0.014093,-0.019237,0.0051445
8.5978,0.0104,-0.014193,0.0037928
8.6,0.0094086,-0.012838,0.0034299
8.6087,0.0055527,-0.0075716,0.0020189
8.6196,0.0054963,-0.0074953,0.001999
8.6304,-0.0006625,0.0009168,-0.0002543
8.6413,-0.003454,0.0047286,-0.0012746
8.65,-0.0020684,0.0028347,-0.00076628
8.6522,-0.0017325,0.0023756,-0.00064308
8.663,-0.00040953,0.00056728,-0.00015775
8.6739,0.0025752,-0.0035106,0.00093542
8.6848,-0.0032115,0.0043933,-0.0011818
8.6957,0.0018828,-0.0025664,0.00068359
8.7,0.0027369,-0.0037332,0.00099633
8.7065,0.0039814,-0.0054334,0.001452
8.7174,0.010742,-0.014668,0.0039262
8.7283,0.0078457,-0.010711,0.0028655
8.7391,0.0054477,-0.0074353,0.0019876
8.75,0.0010941,-0.0014885,0.00039437
8.7609,0.0013694,-0.001865,0.00049563
8.7717,-0.0054173,0.007405,-0.0019876
8.7826,-0.003218,0.0043996,-0.0011816
8.7935,-0.0041497,0.0056715,-0.0015217
8.8,-0.0044421,0.0060704,-0.0016282
8.8043,-0.0046329,0.0063306,-0.0016977
8.8152,-0.0041593,0.0056829,-0.0015236
8.8261,-0.0015903,0.0021731,-0.00058276
8.837,-0.0068971,0.0094216,-0.0025245
8.8478,-0.0054735,0.0074762,-0.0020027
8.85,-0.0052708,0.0071992,-0.0019283
8.8587,-0.0044849,0.0061251,-0.0016402
8.8696,-0.0062104,0.0084816,-0.0022712
8.8804,-0.0067463,0.0092131,-0.0024668
8.8913,-0.010479,0.014312,-0.0038323
8.9,-0.0095108,0.012988,-0.003477
8.9022,-0.0092762,0.012667,-0.003391
8.913,-0.011987,0.01637,-0.0043825
8.9239,-0.011825,0.016147,-0.0043221
8.9348,-0.014835,0.020258,-0.0054228
8.9457,-0.014242,0.019447,-0.0052046
8.95,-0.015885,0.02169,-0.0058055
8.9565,-0.018283,0.024966,-0.0066825
8.9674,-0.018462,0.025209,-0.0067467
8.9783,-0.013772,0.018801,-0.0050289
8.9891,-0.011394,0.015552,-0.0041582
9,-0.0094779,0.012935,-0.0034569
9.0109,-0.0099864,0.013629,-0.003643
9.0217,-0.0056357,0.0076866,-0.0020508
9.0326,-0.0022051,0.003001,-0.00079589
9.0435,0.0017056,-0.00234,0.00063441
9.05,0.0013168,-0.0018082,0.00049134
9.0543,0.0010658,-0.0014648,0.00039899
9.0652,0.0035132,-0.0048067,0.0012936
9.0761,0.0077942,-0.010653,0.002859
9.087,0.0065823,-0.0089962,0.0024139
9.0978,0.0038785,-0.0053014,0.001423
9.1,0.0045552,-0.0062257,0.0016705
9.1087,0.0071887,-0.0098223,0.0026335
9.1196,0.0084173,-0.011499,0.0030819
9.1304,0.0087537,-0.011958,0.0032038
9.1413,0.0044848,-0.0061252,0.0016404
9.15,0.0035272,-0.0048167,0.0012895
9.1522,0.0032948,-0.0044992,0.0012044
9.163,0.0063095,-0.0086168,0.0023073
9.1739,0.0046089,-0.0062932,0.0016843
9.1848,0.0053564,-0.0073139,0.0019575
9.1957,0.0054541,-0.0074469,0.0019928
9.2,0.0064159,-0.0087605,0.0023447
9.2065,0.0078195,-0.010678,0.002858
9.2174,0.003533,-0.0048216,0.0012887
9.2283,0.0066363,-0.0090606,0.0024243
9.2391,0.0075358,-0.010289,0.0027531
9.25,0.0074288,-0.010142,0.0027135
9.2609,0.0076425,-0.010434,0.0027913
9.2717,0.0040872,-0.005577,0.0014898
9.2826,0.0035795,-0.0048835,0.001304
9.2935,0.0015561,-0.0021198,0.00056365
9.3,0.0024776,-0.0033787,0.00090111
9.3043,0.0030746,-0.0041944,0.0011197
9.3152,0.0015053,-0.0020508,0.00054555
9.3261,0.0056279,-0.0076825,0.0020546
9.337,0.0062373,-0.0085148,0.0022774
9.3478,0.0063679,-0.0086929,0.002325
9.35,0.0057763,-0.0078847,0.0021084
9.3587,0.0034764,-0.004743,0.0012666
9.3696,0.0075581,-0.010319,0.0027604
9.3804,0.010925,-0.014917,0.0039922
9.3913,0.010272,-0.014024,0.0037525
9.4,0.010844,-0.014805,0.0039614
9.4022,0.010984,-0.014996,0.0040124
9.413,0.017617,-0.024056,0.0064393
9.4239,0.016466,-0.022483,0.0060167
9.4348,0.014211,-0.019402,0.0051905
9.4457,0.012266,-0.016744,0.004478
9.45,0.014246,-0.019449,0.0052027
9.4565,0.017136,-0.023395,0.0062598
9.4674,0.016958,-0.023152,0.0061939
9.4783,0.016992,-0.023197,0.0062053
9.4891,0.017559,-0.023971,0.0064121
9.5,0.018009,-0.024586,0.0065764
9.5109,0.011092,-0.015137,0.0040443
9.5217,0.0058245,-0.0079412,0.0021167
9.5326,0.0046662,-0.0063597,0.0016935
9.5435,0.0055727,-0.0075988,0.0020262
9.55,0.0047704,-0.0065034,0.001733
9.5543,0.0042501,-0.0057929,0.0015428
9.5652,0.0015888,-0.0021584,0.00056965
9.5761,-0.0035081,0.0048026,-0.0012946
9.587,-0.0024588,0.0033679,-0.00090906
9.5978,0.0056425,-0.0076995,0.002057
9.6,0.0056379,-0.0076932,0.0020553
9.6087,0.0056198,-0.0076686,0.0020488
9.6196,0.0010622,-0.0014433,0.0003811
9.6304,0.00078391,-0.0010638,0.00027993
9.6413,0.00026683,-0.00035817,9.1344e-05
9.65,0.0012246,-0.001667,0.00044238
9.6522,0.0014569,-0.0019845,0.00052753
9.663,0.0054372,-0.0074218,0.0019846
9.6739,0.0056942,-0.0077728,0.0020786
9.6848,0.0070343,-0.0096032,0.0025689
9.6957,0.0061461,-0.0083896,0.0022436
9.7,0.0053889,-0.0073554,0.0019664
9.7065,0.004285,-0.0058473,0.0015624
9.7174,0.0016103,-0.0021939,0.00058364
9.7283,0.0063399,-0.0086547,0.0023149
9.7391,0.0091078,-0.012435,0.0033276
9.75,0.0063854,-0.0087163,0.0023309
9.7609,0.0021323,-0.0029066,0.00077426
9.7717,0.0075012,-0.010241,0.0027394
9.7826,0.0028422,-0.0038763,0.0010341
9.7935,0.001879,-0.002561,0.00068194
9.8,0.0012193,-0.00166,0.0004407
9.8043,0.00079119,-0.0010754,0.0002842
9.8152,0.0029104,-0.0039706,0.0010602
9.8261,0.0056829,-0.007758,0.002075
9.837,0.0073478,-0.010032,0.0026841
9.8478,0.0037526,-0.0051206,0.001368
9.85,0.0041935,-0.0057229,0.0015294
9.8587,0.0059076,-0.0080645,0.0021568
9.8696,0.0029082,-0.0039672,0.001059
9.8804,0.0024429,-0.0033318,0.00088888
9.8913,0.0069599,-0.0095021,0.0025422
9.9,0.0081711,-0.011156,0.0029852
9.9022,0.0084656,-0.011558,0.0030929
9.913,0.0045616,-0.0062253,0.0016637
9.9239,0.005995,-0.0081833,0.0021883
9.9348,0.007789,-0.010634,0.0028447
9.9457,0.0043946,-0.0059967,0.0016021
9.95,0.0041238,-0.0056269,0.0015031
9.9565,0.0037288,-0.0050874,0.0013586
9.9674,0.0064239,-0.008769,0.002345
9.9783,0.0098,-0.01338,0.0035804
9.9891,0.0084036,-0.011472,0.0030688
10,0.010811,-0.01476,0.0039494
