0,0,0,0
0.0058764,0.00066285,0.00066283,0
0.01087,0.0012104,0.0012103,0
0.021739,0.0092472,0.0092463,0
0.032609,0.0058325,0.0058307,0
0.043478,0.0098851,0.0098823,0
0.05,0.0099676,0.0099641,0
0.054348,0.010022,0.010018,0
0.065217,0.0081754,0.0081705,0
0.076087,0.0046291,0.0046238,0
0.086957,0.0048713,0.0048658,0
0.097826,0.0065933,0.0065876,0
0.1,0.0067008,0.006695,0
0.1087,0.00712,0.0071138,0
0.11957,0.0085001,0.0084934,0
0.13043,0.0097589,0.0097515,0
0.1413,0.0087961,0.0087881,0
0.15,0.011869,0.01186,0
0.15217,0.012616,0.012607,0
0.16304,0.010221,0.010211,0
0.17391,0.0025108,0.0025013,0
0.18478,-0.0028185,-0.002827,0
0.19565,0.0035451,0.0035375,0
0.2,0.0028944,0.0028868,0
0.20652,0.0019452,0.0019379,0
0.21739,-0.0013678,-0.0013744,0
0.22826,-0.0040894,-0.0040949,0
0.23913,-0.0063529,-0.0063571,0
0.25,-0.0076037,-0.0076065,0
0.26087,-0.0088219,-0.0088231,0
0.27174,-0.0090378,-0.0090376,0
0.28261,-0.0034614,-0.0034603,0
0.29348,-0.0030085,-0.003007,0
0.3,-0.00026697,-0.00026537,0
0.30435,0.0015093,0.0015108,0
0.31522,0.0040496,0.0040506,0
0.32609,0.0049779,0.0049781,0
0.33696,0.0027273,0.002727,0
0.34783,0.0010321,0.0010316,0
0.35,0.00086047,0.00085996,0
0.3587,0.00019309,0.00019257,0
0.36957,-0.0040792,-0.0040794,0
0.38043,0.0034442,0.0034441,0
0.3913,0.0066229,0.0066221,0
0.4,0.0044911,0.0044897,0
0.40217,0.0039734,0.0039719,0
0.41304,0.00045505,0.00045343,0
0.42391,-6.5866e-05,-6.7348e-05,0
0.43478,0.0025166,0.002515,0
0.44565,0.0014807,0.0014791,0
0.45,-0.00032311,-0.00032472,0
0.45652,-0.0029535,-0.0029549,0
0.46739,-0.0058734,-0.0058739,0
0.47826,-0.0056333,-0.005633,0
0.48913,-0.0013687,-0.0013679,0
0.5,-0.0014561,-0.0014551,0
0.51087,0.0017592,0.00176,0
0.52174,-0.0001071,-0.00010648,0
0.53261,-0.00018658,-0.00018599,0
0.54348,0.00030058,0.00030111,0
0.55,-0.0030836,-0.003083,0
0.55435,-0.0052769,-0.005276,0
0.56522,-0.012695,-0.012693,0
0.57609,-0.010646,-0.010642,0
0.58696,-0.010594,-0.010589,0
0.59783,-0.0060696,-0.0060641,0
0.6,-0.0060507,-0.0060451,0
0.6087,-0.0059784,-0.0059726,0
0.61957,-0.0070236,-0.0070174,0
0.63043,-0.0084837,-0.0084771,0
0.6413,-0.0058385,-0.0058315,0
0.65,-0.0042399,-0.0042329,0
0.65217,-0.0038516,-0.0038446,0
0.66304,-0.0007588,-0.00075216,0
0.67391,0.0058915,0.005897,0
0.68478,0.0076044,0.0076084,0
0.69565,0.0013486,0.0013516,0
0.7,0.0014935,0.0014962,0
0.70652,0.0017054,0.0017078,0
0.71739,0.0066839,0.0066855,0
0.72826,0.0029163,0.002917,0
0.73913,0.002661,0.0026612,0
0.75,-0.0025824,-0.0025823,0
0.76087,-0.0011759,-0.0011756,0
0.77174,-0.0027581,-0.0027575,0
0.78261,-0.0079032,-0.007902,0
0.79348,-0.0055828,-0.0055807,0
0.8,-0.0010209,-0.0010187,0
0.80435,0.0019351,0.0019372,0
0.81522,0.0039971,0.0039986,0
0.82609,0.0031675,0.0031683,0
0.83696,0.013478,0.013478,0
0.84783,0.010461,0.010458,0
0.85,0.011116,0.011113,0
0.8587,0.013667,0.013663,0
0.86957,0.015527,0.015521,0
0.88043,0.017266,0.017258,0
0.8913,0.016614,0.016605,0
0.9,0.01221,0.0122,0
0.90217,0.01114,0.01113,0
0.91304,0.012872,0.012861,0
0.92391,0.013,0.012988,0
0.93478,0.007571,0.0075588,0
0.94565,0.016777,0.016764,0
0.95,0.018618,0.018605,0
0.95652,0.021305,0.021291,0
0.96739,0.020408,0.020392,0
0.97826,0.015555,0.015539,0
0.98913,0.012757,0.01274,0
1,0.011184,0.011166,0
1.0109,0.010709,0.010692,0
1.0217,0.007387,0.0073703,0
1.0326,0.0041431,0.0041273,0
1.0435,0.0023664,0.0023517,0
1.05,0.00054414,0.00053022,0
1.0543,-0.00063759,-0.00065092,0
1.0652,0.0035213,0.0035091,0
1.0761,0.00040834,0.00039714,0
1.087,0.0026803,0.00267,0
1.0978,0.010014,0.010004,0
1.1,0.0092769,0.0092668,0
1.1087,0.0064123,0.006402,0
1.1196,0.0079315,0.0079213,0
1.1304,0.0055678,0.0055577,0
1.1413,0.004607,0.0045973,0
1.15,0.00078362,0.00077439,0
1.1522,-0.00014572,-0.00015476,0
1.163,0.005987,0.0059785,0
1.1739,0.0061385,0.00613,0
1.1848,0.0055205,0.0055121,0
1.1957,0.0054041,0.0053958,0
1.2,0.0051403,0.0051321,0
1.2065,0.0047555,0.0047473,0
1.2174,0.0010721,0.0010644,0
1.2283,0.00076761,0.00076059,0
1.2391,0.0044586,0.0044519,0
1.25,0.011608,0.0116,0
1.2609,0.011359,0.011351,0
1.2717,0.00268,0.0026719,0
1.2826,0.0075372,0.0075291,0
1.2935,0.00685,0.0068417,0
1.3,0.0095089,0.0095004,0
1.3043,0.011232,0.011224,0
1.3152,0.014033,0.014023,0
1.3261,0.012968,0.012958,0
1.337,0.009622,0.0096109,0
1.3478,0.013959,0.013947,0
1.35,0.013273,0.013261,0
1.3587,0.010608,0.010595,0
1.3696,0.0080513,0.008039,0
1.3804,0.011164,0.011152,0
1.3913,0.01204,0.012027,0
1.4,0.0073225,0.0073095,0
1.4022,0.0061763,0.0061635,0
1.413,0.0053972,0.0053848,0
1.4239,0.0047971,0.0047852,0
1.4348,0.0042374,0.0042261,0
1.4457,0.0054065,0.0053957,0
1.45,0.0034204,0.0034097,0
1.4565,0.0005236,0.00051346,0
1.4674,-0.00080441,-0.00081348,0
1.4783,-0.0053465,-0.0053542,0
1.4891,-0.0023312,-0.0023375,0
1.5,0.0019791,0.0019734,0
1.5109,0.0013223,0.001317,0
1.5217,0.0026261,0.0026211,0
1.5326,0.0049381,0.0049331,0
1.5435,0.0064059,0.0064006,0
1.55,0.0074648,0.0074593,0
1.5543,0.0081513,0.0081456,0
1.5652,0.0071055,0.0070992,0
1.5761,0.0082373,0.0082305,0
1.587,0.0035589,0.003552,0
1.5978,0.0051459,0.0051391,0
1.6,0.0059586,0.0059517,0
1.6087,0.0091186,0.0091114,0
1.6196,0.0080935,0.0080858,0
1.6304,0.0077607,0.0077527,0
1.6413,0.014029,0.01402,0
1.65,0.012933,0.012923,0
1.6522,0.012667,0.012657,0
1.663,0.01267,0.012659,0
1.6739,0.014631,0.01462,0
1.6848,0.010965,0.010953,0
1.6957,0.011421,0.011408,0
1.7,0.012795,0.012782,0
1.7065,0.0148,0.014787,0
1.7174,0.01554,0.015525,0
1.7283,0.015507,0.015492,0
1.7391,0.0092876,0.0092723,0
1.75,0.0050787,0.0050638,0
1.7609,-0.0020308,-0.0020444,0
1.7717,-0.0051946,-0.0052063,0
1.7826,-0.0037019,-0.0037118,0
1.7935,-0.00363,-0.0036384,0
1.8,-0.0054551,-0.0054625,0
1.8043,-0.0066394,-0.0066461,0
1.8152,0.0020141,0.0020084,0
1.8261,-2.2319e-05,-2.76e-05,0
1.837,0.00028931,0.00028455,0
1.8478,0.00035198,0.00034767,0
1.85,0.00048409,0.00047987,0
1.8587,0.00099657,0.00099262,0
1.8696,0.0039641,0.0039602,0
1.8804,-0.0039048,-0.0039083,0
1.8913,-0.0088568,-0.008859,0
1.9,-0.013046,-0.013046,0
1.9022,-0.014065,-0.014065,0
1.913,-0.011939,-0.011937,0
1.9239,-0.011304,-0.011301,0
1.9348,-0.010726,-0.010722,0
1.9457,-0.00991,-0.0099046,0
1.95,-0.0081343,-0.0081285,0
1.9565,-0.005547,-0.005541,0
1.9674,-0.0065246,-0.0065183,0
1.9783,-0.011726,-0.011719,0
1.9891,-0.014677,-0.014669,0
2,-0.017795,-0.017785,0
2.0109,-0.021416,-0.021404,0
2.0217,-0.020028,-0.020015,0
2.0326,-0.024306,-0.024291,0
2.0435,-0.023974,-0.023957,0
2.05,-0.020433,-0.020415,0
2.0543,-0.01814,-0.018122,0
2.0652,-0.021487,-0.021467,0
2.0761,-0.021718,-0.021697,0
2.087,-0.024028,-0.024006,0
2.0978,-0.026726,-0.026703,0
2.1,-0.025468,-0.025445,0
2.1087,-0.020582,-0.020558,0
2.1196,-0.021878,-0.021853,0
2.1304,-0.025029,-0.025004,0
2.1413,-0.027779,-0.027752,0
2.15,-0.028805,-0.028777,0
2.1522,-0.029055,-0.029027,0
2.163,-0.027017,-0.026988,0
2.1739,-0.028697,-0.028667,0
2.1848,-0.023561,-0.02353,0
2.1957,-0.023389,-0.023358,0
2.2,-0.022554,-0.022523,0
2.2065,-0.021338,-0.021307,0
2.2174,-0.024602,-0.024571,0
2.2283,-0.025257,-0.025226,0
2.2391,-0.023055,-0.023023,0
2.25,-0.02491,-0.024878,0
2.2609,-0.026512,-0.02648,0
2.2717,-0.025703,-0.02567,0
2.2826,-0.024761,-0.024728,0
2.2935,-0.028149,-0.028116,0
2.3,-0.026994,-0.026961,0
2.3043,-0.026247,-0.026213,0
2.3152,-0.020687,-0.020654,0
2.3261,-0.014118,-0.014086,0
2.337,-0.019268,-0.019237,0
2.3478,-0.013202,-0.013171,0
2.35,-0.011972,-0.011941,0
2.3587,-0.0071865,-0.0071576,0
2.3696,-0.0056763,-0.0056496,0
2.3804,-0.0085189,-0.008494,0
2.3913,-0.0061253,-0.006102,0
2.4,-0.0056315,-0.0056096,0
2.4022,-0.0055107,-0.0054891,0
2.413,-0.009514,-0.0094937,0
2.4239,-0.010543,-0.010524,0
2.4348,-0.011577,-0.011558,0
2.4457,-0.0087578,-0.0087395,0
2.45,-0.0084943,-0.0084762,0
2.4565,-0.0081086,-0.008091,0
2.4674,-0.011012,-0.010995,0
2.4783,-0.0066787,-0.0066623,0
2.4891,-0.0024977,-0.0024825,0
2.5,-0.0022301,-0.0022162,0
2.5109,-0.00034674,-0.00033418,0
2.5217,0.00067062,0.00068174,0
2.5326,0.00080046,0.00081021,0
2.5435,-0.0052896,-0.0052806,0
2.55,-0.002796,-0.0027873,0
2.5543,-0.0011791,-0.0011707,0
2.5652,-0.0047325,-0.0047247,0
2.5761,-0.0055725,-0.0055648,0
2.587,-0.0030235,-0.0030161,0
2.5978,0.0011713,0.001178,0
2.6,0.00012181,0.00012833,0
2.6087,-0.0039566,-0.0039505,0
2.6196,-0.0052522,-0.0052461,0
2.6304,-0.0099837,-0.0099772,0
2.6413,-0.0052985,-0.0052916,0
2.65,-0.0057697,-0.0057628,0
2.6522,-0.005884,-0.0058771,0
2.663,-0.0079425,-0.0079353,0
2.6739,-0.014985,-0.014976,0
2.6848,-0.01874,-0.01873,0
2.6957,-0.019721,-0.019709,0
2.7,-0.017193,-0.017181,0
2.7065,-0.01351,-0.013497,0
2.7174,-0.013349,-0.013336,0
2.7283,-0.013886,-0.013872,0
2.7391,-0.012549,-0.012535,0
2.75,-0.012534,-0.012519,0
2.7609,-0.011541,-0.011526,0
2.7717,-0.0087985,-0.0087835,0
2.7826,-0.0082565,-0.0082417,0
2.7935,-0.0057212,-0.0057069,0
2.8,-0.0059221,-0.0059082,0
2.8043,-0.0060517,-0.006038,0
2.8152,-0.0078567,-0.0078433,0
2.8261,-0.0039026,-0.0038897,0
2.837,-0.0027074,-0.0026953,0
2.8478,-0.0054926,-0.0054811,0
2.85,-0.0060639,-0.0060525,0
2.8587,-0.0082845,-0.0082731,0
2.8696,-0.0014996,-0.0014887,0
2.8804,-0.00038861,-0.00037865,0
2.8913,-0.0088078,-0.0087981,0
2.9,-0.0093258,-0.0093159,0
2.9022,-0.0094518,-0.0094418,0
2.913,-0.0055087,-0.0054986,0
2.9239,-0.004056,-0.0040462,0
2.9348,-0.0061282,-0.0061186,0
2.9457,-0.0051334,-0.005124,0
2.95,-0.008065,-0.0080555,0
2.9565,-0.012339,-0.01233,0
2.9674,-0.0093442,-0.0093338,0
2.9783,-0.0055858,-0.0055754,0
2.9891,-0.0076378,-0.0076274,0
3,-0.0064862,-0.0064758,0
3.0109,-0.00055174,-0.00054184,0
3.0217,-0.0021983,-0.0021891,0
3.0326,0.00028752,0.00029591,0
3.0435,0.00043903,0.00044657,0
3.05,0.00078604,0.00079308,0
3.0543,0.0010119,0.0010186,0
3.0652,0.0098581,0.0098634,0
3.0761,0.014185,0.014188,0
3.087,0.010521,0.010522,0
3.0978,0.0063555,0.0063552,0
3.1,0.0053129,0.0053124,0
3.1087,0.0012611,0.0012603,0
3.1196,0.0027613,0.0027603,0
3.1304,0.0081673,0.0081657,0
3.1413,0.0054934,0.005491,0
3.15,0.0041154,0.0041126,0
3.1522,0.003781,0.0037782,0
3.163,0.0064637,0.0064605,0
3.1739,0.0084464,0.0084425,0
3.1848,0.011135,0.01113,0
3.1957,0.012637,0.012631,0
3.2,0.012236,0.01223,0
3.2065,0.011654,0.011647,0
3.2174,0.0098326,0.0098246,0
3.2283,0.0073557,0.0073474,0
3.2391,0.0070344,0.007026,0
3.25,0.0039593,0.0039509,0
3.2609,0.0039546,0.0039466,0
3.2717,0.0018139,0.0018063,0
3.2826,-0.0017025,-0.0017092,0
3.2935,-0.00035113,-0.00035693,0
3.3,0.0014149,0.0014095,0
3.3043,0.0025592,0.0025539,0
3.3152,0.010372,0.010366,0
3.3261,0.013785,0.013778,0
3.337,0.008724,0.0087165,0
3.3478,0.010648,0.01064,0
3.35,0.009195,0.0091868,0
3.3587,0.0035481,0.0035399,0
3.3696,0.0026765,0.0026688,0
3.3804,0.0022311,0.0022239,0
3.3913,0.0028884,0.0028817,0
3.4,0.0045137,0.0045072,0
3.4022,0.0049086,0.0049021,0
3.413,0.0067841,0.0067775,0
3.4239,0.0054941,0.0054874,0
3.4348,0.0076505,0.0076436,0
3.4457,0.0069969,0.0069898,0
3.45,0.0060911,0.0060839,0
3.4565,0.0047707,0.0047636,0
3.4674,0.0039682,0.0039613,0
3.4783,-0.0025609,-0.0025671,0
3.4891,0.0004097,0.00040435,0
3.5,0.00062881,0.00062404,0
3.5109,0.0049784,0.0049738,0
3.5217,0.0044285,0.0044238,0
3.5326,-0.0042237,-0.0042278,0
3.5435,-0.00081468,-0.00081792,0
3.55,-0.00079219,-0.00079509,0
3.5543,-0.00077819,-0.00078087,0
3.5652,0.0041321,0.0041295,0
3.5761,0.0054069,0.005404,0
3.587,0.0012344,0.0012315,0
3.5978,-0.002289,-0.0022915,0
3.6,-0.0019564,-0.0019587,0
3.6087,-0.00066432,-0.00066624,0
3.6196,0.002432,0.0024302,0
3.6304,0.0019572,0.0019555,0
3.6413,0.0014676,0.0014659,0
3.65,0.00093353,0.00093184,0
3.6522,0.00080366,0.00080199,0
3.663,-0.0020849,-0.0020862,0
3.6739,0.0018103,0.0018092,0
3.6848,7.3029e-05,7.2006e-05,0
3.6957,-0.0026944,-0.0026951,0
3.7,-0.0042101,-0.0042105,0
3.7065,-0.0064214,-0.0064212,0
3.7174,-0.0024301,-0.0024292,0
3.7283,-0.0040455,-0.0040442,0
3.7391,-0.0062505,-0.0062485,0
3.75,-0.0073136,-0.0073108,0
3.7609,-0.0098267,-0.0098228,0
3.7717,-0.010396,-0.010391,0
3.7826,-0.011585,-0.011579,0
3.7935,-0.013104,-0.013097,0
3.8,-0.013242,-0.013234,0
3.8043,-0.013334,-0.013325,0
3.8152,-0.0098569,-0.0098474,0
3.8261,-0.01569,-0.01568,0
3.837,-0.01466,-0.014648,0
3.8478,-0.018551,-0.018538,0
3.85,-0.020858,-0.020845,0
3.8587,-0.029834,-0.029819,0
3.8696,-0.029143,-0.029125,0
3.8804,-0.025139,-0.025119,0
3.8913,-0.020672,-0.020651,0
3.9,-0.017566,-0.017544,0
3.9022,-0.016812,-0.01679,0
3.913,-0.0149,-0.014878,0
3.9239,-0.018569,-0.018547,0
3.9348,-0.014163,-0.014141,0
3.9457,-0.017403,-0.017381,0
3.95,-0.017484,-0.017461,0
3.9565,-0.017603,-0.01758,0
3.9674,-0.016856,-0.016833,0
3.9783,-0.019794,-0.019771,0
3.9891,-0.020443,-0.020419,0
4,-0.023388,-0.023363,0
4.0109,-0.015124,-0.015099,0
4.0217,-0.018087,-0.018062,0
4.0326,-0.01777,-0.017745,0
4.0435,-0.018776,-0.018751,0
4.05,-0.019173,-0.019148,0
4.0543,-0.019431,-0.019406,0
4.0652,-0.019781,-0.019756,0
4.0761,-0.018291,-0.018266,0
4.087,-0.014592,-0.014567,0
4.0978,-0.021034,-0.021009,0
4.1,-0.020729,-0.020704,0
4.1087,-0.019544,-0.019518,0
4.1196,-0.017921,-0.017895,0
4.1304,-0.019383,-0.019358,0
4.1413,-0.025798,-0.025771,0
4.15,-0.019514,-0.019487,0
4.1522,-0.017987,-0.017961,0
4.163,-0.019348,-0.019321,0
4.1739,-0.015869,-0.015843,0
4.1848,-0.015702,-0.015676,0
4.1957,-0.012489,-0.012464,0
4.2,-0.012805,-0.01278,0
4.2065,-0.013265,-0.013241,0
4.2174,-0.013189,-0.013165,0
4.2283,-0.011625,-0.011602,0
4.2391,-0.0099549,-0.0099326,0
4.25,-0.0074513,-0.0074301,0
4.2609,-0.0099853,-0.009965,0
4.2717,-0.0078968,-0.0078774,0
4.2826,-0.0085763,-0.0085578,0
4.2935,-0.014076,-0.014058,0
4.3,-0.013898,-0.01388,0
4.3043,-0.013783,-0.013764,0
4.3152,-0.010297,-0.010278,0
4.3261,-0.0077132,-0.0076957,0
4.337,-0.0060818,-0.0060652,0
4.3478,-0.004097,-0.0040814,0
4.35,-0.0040098,-0.0039944,0
4.3587,-0.0036684,-0.0036538,0
4.3696,0.00066966,0.00068285,0
4.3804,0.0049155,0.0049268,0
4.3913,0.0025181,0.0025277,0
4.4,0.0003082,0.0003168,0
4.4022,-0.00022795,-0.00021955,0
4.413,-0.0019191,-0.0019114,0
4.4239,-0.0035201,-0.003513,0
4.4348,-0.0084738,-0.0084665,0
4.4457,-0.0087452,-0.0087375,0
4.45,-0.0082048,-0.0081969,0
4.4565,-0.0074168,-0.0074087,0
4.4674,-0.0066885,-0.0066803,0
4.4783,-0.0010906,-0.0010827,0
4.4891,-0.0010569,-0.0010496,0
4.5,-0.0010234,-0.0010168,0
4.5109,-0.0002012,-0.00019519,0
4.5217,-0.0028904,-0.0028848,0
4.5326,-0.00099783,-0.00099252,0
4.5435,0.0038491,0.0038537,0
4.55,0.0056288,0.0056327,0
4.5543,0.0067837,0.006787,0
4.5652,0.010727,0.010729,0
4.5761,0.010185,0.010185,0
4.587,0.0053365,0.0053354,0
4.5978,-0.0011724,-0.0011737,0
4.6,-0.0008575,-0.00085872,0
4.6087,0.00036768,0.00036658,0
4.6196,0.0023775,0.0023764,0
4.6304,0.0006863,0.00068504,0
4.6413,0.0012244,0.0012231,0
4.65,-0.0016106,-0.0016117,0
4.6522,-0.0022994,-0.0023004,0
4.663,-0.0041227,-0.0041231,0
4.6739,0.00059339,0.00059332,0
4.6848,0.0030509,0.0030506,0
4.6957,-0.00064513,-0.00064551,0
4.7,-0.00028828,-0.00028859,0
4.7065,0.0002324,0.00023215,0
4.7174,-0.0071706,-0.0071703,0
4.7283,-0.0058066,-0.0058053,0
4.7391,-0.0041606,-0.0041586,0
4.75,-0.0075216,-0.0075189,0
4.7609,-0.0129,-0.012896,0
4.7717,-0.0083471,-0.0083419,0
4.7826,-0.0027965,-0.0027909,0
4.7935,-0.0032027,-0.0031972,0
4.8,-0.0042615,-0.0042559,0
4.8043,-0.0049476,-0.004942,0
4.8152,-0.0092035,-0.0091973,0
4.8261,-0.007121,-0.0071142,0
4.837,-0.0080412,-0.0080339,0
4.8478,-0.0125,-0.012492,0
4.85,-0.012696,-0.012688,0
4.8587,-0.013459,-0.01345,0
4.8696,-0.010428,-0.010418,0
4.8804,-0.010803,-0.010792,0
4.8913,-0.0095445,-0.0095332,0
4.9,-0.011469,-0.011457,0
4.9022,-0.011937,-0.011925,0
4.913,-0.012901,-0.012888,0
4.9239,-0.0092513,-0.0092384,0
4.9348,-0.0091657,-0.0091526,0
4.9457,-0.0066134,-0.0066005,0
4.95,-0.005578,-0.0055652,0
4.9565,-0.0040681,-0.0040556,0
4.9674,-0.0036817,-0.0036699,0
4.9783,-0.00073749,-0.00072645,0
4.9891,0.00064286,0.00065285,0
5,-0.002858,-0.0028488,0
5.0109,0.00097994,0.0009884,0
5.0217,-0.0012158,-0.0012081,0
5.0326,-0.0080255,-0.0080179,0
5.0435,-0.0053978,-0.0053899,0
5.05,-0.0068461,-0.0068382,0
5.0543,-0.0077848,-0.0077767,0
5.0652,-0.0021208,-0.0021128,0
5.0761,-0.0070443,-0.0070364,0
5.087,-0.01332,-0.013312,0
5.0978,-0.015304,-0.015295,0
5.1,-0.015606,-0.015595,0
5.1087,-0.01678,-0.016768,0
5.1196,-0.015851,-0.015838,0
5.1304,-0.012313,-0.0123,0
5.1413,-0.0085596,-0.0085461,0
5.15,-0.010843,-0.010829,0
5.1522,-0.011398,-0.011384,0
5.163,-0.011467,-0.011453,0
5.1739,-0.013511,-0.013496,0
5.1848,-0.0096555,-0.0096408,0
5.1957,-0.0052859,-0.0052715,0
5.2,-0.0045738,-0.0045598,0
5.2065,-0.0035348,-0.0035213,0
5.2174,-0.0086932,-0.0086801,0
5.2283,-0.0090225,-0.0090094,0
5.2391,-0.0054096,-0.0053968,0
5.25,-0.0049214,-0.0049091,0
5.2609,-0.0050513,-0.0050394,0
5.2717,-0.0044629,-0.0044515,0
5.2826,3.474e-05,4.5289e-05,0
5.2935,0.00072547,0.00073492,0
5.3,-0.0024064,-0.0023974,0
5.3043,-0.0044351,-0.0044263,0
5.3152,-0.010363,-0.010354,0
5.3261,-0.010795,-0.010785,0
5.337,-0.0069814,-0.0069715,0
5.3478,-0.0049578,-0.004948,0
5.35,-0.0048736,-0.0048639,0
5.3587,-0.0045459,-0.0045364,0
5.3696,-0.0076928,-0.0076834,0
5.3804,-0.0052786,-0.0052691,0
5.3913,-0.0071983,-0.0071889,0
5.4,-0.009588,-0.0095783,0
5.4022,-0.010169,-0.010159,0
5.413,-0.010029,-0.010018,0
5.4239,-0.011914,-0.011903,0
5.4348,-0.012298,-0.012287,0
5.4457,-0.0074826,-0.0074708,0
5.45,-0.0085132,-0.0085014,0
5.4565,-0.010016,-0.010004,0
5.4674,-0.014606,-0.014593,0
5.4783,-0.016597,-0.016583,0
5.4891,-0.01536,-0.015346,0
5.5,-0.0080872,-0.0080724,0
5.5109,-0.0054907,-0.0054764,0
5.5217,-0.0055101,-0.0054964,0
5.5326,-0.0037408,-0.0037278,0
5.5435,-0.00088507,-0.00087304,0
5.55,5.1366e-05,6.2702e-05,0
5.5543,0.00065929,0.00067014,0
5.5652,-0.0025107,-0.0025008,0
5.5761,0.0032727,0.0032815,0
5.587,-0.0008545,-0.0008467,0
5.5978,-0.0012144,-0.0012072,0
5.6,-0.0021921,-0.002185,0
5.6087,-0.0059927,-0.0059857,0
5.6196,-0.0045716,-0.0045645,0
5.6304,-0.0051109,-0.0051038,0
5.6413,-0.0058822,-0.005875,0
5.65,-0.0028011,-0.002794,0
5.6522,-0.0020523,-0.0020453,0
5.663,-0.0053583,-0.0053514,0
5.6739,0.0011647,0.0011712,0
5.6848,0.0041238,0.0041293,0
5.6957,0.0041998,0.0042041,0
5.7,0.0032016,0.0032055,0
5.7065,0.001748,0.0017515,0
5.7174,0.0045768,0.0045795,0
5.7283,0.0053503,0.005352,0
5.7391,0.0043294,0.0043303,0
5.75,0.0090495,0.0090493,0
5.7609,0.012085,0.012084,0
5.7717,0.009763,0.0097599,0
5.7826,0.01383,0.013825,0
5.7935,0.011688,0.011682,0
5.8,0.0078295,0.0078232,0
5.8043,0.0053305,0.0053241,0
5.8152,0.0036567,0.0036503,0
5.8261,0.0045971,0.0045907,0
5.837,0.0041649,0.0041585,0
5.8478,0.0011388,0.0011327,0
5.85,-6.5799e-06,-1.2508e-05,0
5.8587,-0.0044606,-0.0044658,0
5.8696,-0.0023702,-0.0023743,0
5.8804,-0.0032234,-0.0032266,0
5.8913,-0.0040269,-0.0040292,0
5.9,-0.0082154,-0.0082167,0
5.9022,-0.0092336,-0.0092347,0
5.913,-0.0052484,-0.0052482,0
5.9239,-0.0056757,-0.0056747,0
5.9348,-0.00092403,-0.00092257,0
5.9457,-0.0041049,-0.0041031,0
5.95,-0.0027487,-0.0027467,0
5.9565,-0.00077167,-0.00076965,0
5.9674,-0.0037066,-0.0037043,0
5.9783,-0.010167,-0.010164,0
5.9891,-0.010386,-0.010382,0
6,-0.010587,-0.010582,0
6.0109,-0.0083323,-0.0083259,0
6.0217,-0.0072783,-0.0072713,0
6.0326,-0.0029261,-0.002919,0
6.0435,-0.0025208,-0.0025139,0
6.05,-0.0027185,-0.0027118,0
6.0543,-0.0028467,-0.00284,0
6.0652,-0.0089972,-0.0089903,0
6.0761,-0.01057,-0.010562,0
6.087,-0.0099742,-0.0099657,0
6.0978,-0.0086908,-0.0086817,0
6.1,-0.0096809,-0.0096718,0
6.1087,-0.013533,-0.013523,0
6.1196,-0.0092694,-0.0092589,0
6.1304,-0.0059819,-0.0059712,0
6.1413,-0.0096445,-0.0096338,0
6.15,-0.01473,-0.014719,0
6.1522,-0.015966,-0.015955,0
6.163,-0.013789,-0.013776,0
6.1739,-0.013332,-0.013319,0
6.1848,-0.013032,-0.013018,0
6.1957,-0.017153,-0.017138,0
6.2,-0.013839,-0.013824,0
6.2065,-0.009009,-0.0089937,0
6.2174,-0.011247,-0.011232,0
6.2283,-0.010514,-0.010498,0
6.2391,-0.013152,-0.013137,0
6.25,-0.020493,-0.020477,0
6.2609,-0.0218,-0.021782,0
6.2717,-0.019294,-0.019274,0
6.2826,-0.021487,-0.021467,0
6.2935,-0.02255,-0.022529,0
6.3,-0.022503,-0.022481,0
6.3043,-0.022474,-0.022452,0
6.3152,-0.01853,-0.018507,0
6.3261,-0.016666,-0.016643,0
6.337,-0.01363,-0.013607,0
6.3478,-0.010898,-0.010875,0
6.35,-0.011211,-0.011188,0
6.3587,-0.012425,-0.012403,0
6.3696,-0.0067575,-0.0067362,0
6.3804,-0.0042871,-0.0042672,0
6.3913,-0.0097739,-0.009755,0
6.4,-0.0072221,-0.0072038,0
6.4022,-0.0066019,-0.0065837,0
6.413,-0.010781,-0.010763,0
6.4239,-0.0065394,-0.0065224,0
6.4348,-0.0057608,-0.0057446,0
6.4457,-0.0048949,-0.0048796,0
6.45,-0.0040627,-0.0040478,0
6.4565,-0.002848,-0.0028338,0
6.4674,0.0006628,0.00067571,0
6.4783,-0.00089324,-0.00088165,0
6.4891,-0.0037646,-0.0037539,0
6.5,0.00087829,0.00088808,0
6.5109,0.0031695,0.003178,0
6.5217,-0.0033974,-0.0033898,0
6.5326,-0.0033047,-0.0032974,0
6.5435,-0.0037186,-0.0037117,0
6.55,-0.005655,-0.005648,0
6.5543,-0.0069094,-0.0069024,0
6.5652,-0.0087772,-0.0087698,0
6.5761,-0.0060099,-0.0060022,0
6.587,0.0015415,0.0015487,0
6.5978,0.0050017,0.0050077,0
6.6,0.0045021,0.0045078,0
6.6087,0.0025627,0.0025675,0
6.6196,0.0015268,0.0015308,0
6.6304,0.00024887,0.00025232,0
6.6413,0.00024662,0.00024967,0
6.65,-0.00030612,-0.00030333,0
6.6522,-0.00044009,-0.00043735,0
6.663,-0.0026593,-0.0026567,0
6.6739,-0.0034051,-0.0034023,0
6.6848,-0.0053,-0.0052968,0
6.6957,-0.00071737,-0.00071409,0
6.7,0.000119,0.00012217,0
6.7065,0.0013394,0.0013423,0
6.7174,0.003858,0.0038602,0
6.7283,0.0031266,0.0031281,0
6.7391,0.001897,0.001898,0
6.75,0.0041188,0.0041193,0
6.7609,-0.00080513,-0.00080489,0
6.7717,0.0053159,0.0053158,0
6.7826,0.0093895,0.0093883,0
6.7935,0.014954,0.014951,0
6.8,0.014728,0.014724,0
6.8043,0.014583,0.014579,0
6.8152,0.016405,0.016398,0
6.8261,0.010284,0.010276,0
6.837,0.0056793,0.0056713,0
6.8478,0.0050323,0.0050243,0
6.85,0.0042144,0.0042065,0
6.8587,0.001035,0.0010275,0
6.8696,-0.00091403,-0.00092077,0
6.8804,-0.00019151,-0.00019745,0
6.8913,-9.1563e-05,-9.6834e-05,0
6.9,-0.001118,-0.0011227,0
6.9022,-0.0013676,-0.0013722,0
6.913,-0.0079735,-0.0079769,0
6.9239,-0.0094569,-0.0094586,0
6.9348,-0.013106,-0.013106,0
6.9457,-0.012308,-0.012306,0
6.95,-0.013161,-0.013158,0
6.9565,-0.014407,-0.014403,0
6.9674,-0.01027,-0.010264,0
6.9783,-0.010177,-0.010171,0
6.9891,-0.007697,-0.0076898,0
7,-0.0069497,-0.0069421,0
7.0109,-0.004965,-0.0049572,0
7.0217,-0.0095639,-0.0095558,0
7.0326,-0.0071587,-0.0071501,0
7.0435,-0.0081692,-0.0081602,0
7.05,-0.010647,-0.010638,0
7.0543,-0.012254,-0.012245,0
7.0652,-0.010852,-0.010842,0
7.0761,-0.014735,-0.014724,0
7.087,-0.010025,-0.010013,0
7.0978,-0.013563,-0.013551,0
7.1,-0.012974,-0.012961,0
7.1087,-0.010684,-0.010671,0
7.1196,-0.0058892,-0.0058761,0
7.1304,-0.0038808,-0.0038683,0
7.1413,-0.010106,-0.010094,0
7.15,-0.012048,-0.012035,0
7.1522,-0.01252,-0.012507,0
7.163,-0.0077613,-0.0077483,0
7.1739,-0.0055981,-0.0055854,0
7.1848,-0.00058604,-0.00057413,0
7.1957,0.0014531,0.0014638,0
7.2,0.0027452,0.0027553,0
7.2065,0.0046309,0.0046401,0
7.2174,0.0064165,0.006424,0
7.2283,0.0046839,0.0046899,0
7.2391,0.0060881,0.0060927,0
7.25,0.0066295,0.0066327,0
7.2609,0.011657,0.011658,0
7.2717,0.013882,0.013882,0
7.2826,0.0094481,0.009446,0
7.2935,0.013138,0.013134,0
7.3,0.013028,0.013023,0
7.3043,0.012958,0.012953,0
7.3152,0.013414,0.013408,0
7.3261,0.01314,0.013133,0
7.337,0.015206,0.015197,0
7.3478,0.016301,0.016291,0
7.35,0.015572,0.015561,0
7.3587,0.012741,0.012729,0
7.3696,0.0080813,0.0080695,0
7.3804,0.0074921,0.0074803,0
7.3913,0.011058,0.011046,0
7.4,0.014408,0.014396,0
7.4022,0.015223,0.015211,0
7.413,0.013861,0.013847,0
7.4239,0.013943,0.013929,0
7.4348,0.016666,0.016651,0
7.4457,0.015163,0.015148,0
7.45,0.014675,0.014659,0
7.4565,0.013964,0.013948,0
7.4674,0.013689,0.013673,0
7.4783,0.0128,0.012783,0
7.4891,0.012384,0.012367,0
7.5,0.014417,0.0144,0
7.5109,0.013825,0.013808,0
7.5217,0.014783,0.014765,0
7.5326,0.016492,0.016474,0
7.5435,0.0079366,0.0079188,0
7.55,0.0079385,0.0079211,0
7.5543,0.0079396,0.0079224,0
7.5652,0.0088344,0.0088179,0
7.5761,0.015557,0.015541,0
7.587,0.016935,0.016918,0
7.5978,0.014341,0.014323,0
7.6,0.01343,0.013413,0
7.6087,0.0098902,0.0098727,0
7.6196,0.014602,0.014584,0
7.6304,0.013553,0.013535,0
7.6413,0.0055023,0.0054852,0
7.65,0.0067592,0.0067428,0
7.6522,0.0070643,0.0070481,0
7.663,0.0052281,0.0052128,0
7.6739,0.010301,0.010286,0
7.6848,0.010154,0.01014,0
7.6957,0.0077847,0.0077703,0
7.7,0.005166,0.0051518,0
7.7065,0.0013468,0.0013332,0
7.7174,0.00051089,0.00049869,0
7.7283,-0.0044006,-0.0044112,0
7.7391,-0.0093318,-0.0093402,0
7.75,-0.0036632,-0.0036697,0
7.7609,-0.0033937,-0.0033989,0
7.7717,-0.0060234,-0.0060273,0
7.7826,-0.0044359,-0.0044385,0
7.7935,-0.0047108,-0.0047124,0
7.8,-0.0023509,-0.002352,0
7.8043,-0.00082279,-0.00082374,0
7.8152,-0.0076015,-0.0076016,0
7.8261,-0.0044697,-0.0044689,0
7.837,-0.0014125,-0.0014112,0
7.8478,-0.00075659,-0.00075518,0
7.85,-0.00085167,-0.00085026,0
7.8587,-0.0012225,-0.001221,0
7.8696,-0.003408,-0.0034062,0
7.8804,-0.0043121,-0.0043099,0
7.8913,-0.0021015,-0.002099,0
7.9,-0.0025411,-0.0025384,0
7.9022,-0.0026482,-0.0026455,0
7.913,-0.0057245,-0.0057215,0
7.9239,-0.0068916,-0.0068879,0
7.9348,-0.0046287,-0.0046245,0
7.9457,-0.0022302,-0.0022259,0
7.95,-0.0040278,-0.0040235,0
7.9565,-0.0066498,-0.0066452,0
7.9674,-0.0072452,-0.0072401,0
7.9783,-0.0060587,-0.0060531,0
7.9891,-0.0045713,-0.0045655,0
8,-0.005603,-0.005597,0
8.0109,-0.00025844,-0.00025263,0
8.0217,-0.0021157,-0.0021103,0
8.0326,-0.0030099,-0.0030047,0
8.0435,-0.0021962,-0.0021911,0
8.05,-0.00081879,-0.0008139,0
8.0543,7.3779e-05,7.8481e-05,0
8.0652,-0.0015645,-0.0015602,0
8.0761,-0.00062464,-0.00062061,0
8.087,-0.0036893,-0.0036854,0
8.0978,-0.003243,-0.003239,0
8.1,-0.0024593,-0.0024553,0
8.1087,0.00058796,0.0005917,0
8.1196,0.0030559,0.003059,0
8.1304,0.0032161,0.0032184,0
8.1413,0.010881,0.010882,0
8.15,0.00953,0.0095297,0
8.1522,0.0092025,0.0092019,0
8.163,0.0061128,0.0061111,0
8.1739,0.0064191,0.0064166,0
8.1848,0.0042604,0.0042573,0
8.1957,0.0029997,0.0029963,0
8.2,0.0041143,0.0041108,0
8.2065,0.0057401,0.0057364,0
8.2174,-0.0010442,-0.0010479,0
8.2283,0.0026259,0.0026224,0
8.2391,-0.0079914,-0.0079942,0
8.25,-0.0097335,-0.0097348,0
8.2609,-0.0032904,-0.0032907,0
8.2717,-0.0033868,-0.0033866,0
8.2826,-0.0059254,-0.0059246,0
8.2935,-0.0026646,-0.0026632,0
8.3,-0.00188,-0.0018786,0
8.3043,-0.0013719,-0.0013705,0
8.3152,-0.00075963,-0.00075819,0
8.3261,0.00013803,0.00013934,0
8.337,0.0013425,0.0013436,0
8.3478,0.0058618,0.0058622,0
8.35,0.0061086,0.0061088,0
8.3587,0.0070699,0.0070692,0
8.3696,0.0194,0.019397,0
8.3804,0.020924,0.020919,0
8.3913,0.024642,0.024634,0
8.4,0.020575,0.020565,0
8.4022,0.019589,0.019578,0
8.413,0.01926,0.019248,0
8.4239,0.017097,0.017083,0
8.4348,0.016587,0.016572,0
8.4457,0.013877,0.013862,0
8.45,0.012468,0.012452,0
8.4565,0.010413,0.010398,0
8.4674,0.014581,0.014565,0
8.4783,0.018196,0.018179,0
8.4891,0.017714,0.017697,0
8.5,0.017617,0.017598,0
8.5109,0.019726,0.019707,0
8.5217,0.021018,0.020998,0
8.5326,0.018352,0.01833,0
8.5435,0.0094201,0.009399,0
8.55,0.0087193,0.0086986,0
8.5543,0.0082649,0.0082446,0
8.5652,0.0035289,0.0035098,0
8.5761,0.0015114,0.0014939,0
8.587,0.014948,0.014931,0
8.5978,0.011031,0.011014,0
8.6,0.0099793,0.0099623,0
8.6087,0.0058896,0.005873,0
8.6196,0.0058297,0.005814,0
8.6304,-0.00070269,-0.00071715,0
8.6413,-0.0036635,-0.0036762,0
8.65,-0.0021939,-0.0022052,0
8.6522,-0.0018376,-0.0018486,0
8.663,-0.00043437,-0.00044399,0
8.6739,0.0027314,0.0027226,0
8.6848,-0.0034063,-0.0034141,0
8.6957,0.001997,0.0019902,0
8.7,0.0029029,0.0028962,0
8.7065,0.004223,0.0042164,0
8.7174,0.011394,0.011387,0
8.7283,0.0083216,0.008314,0
8.7391,0.0057782,0.0057703,0
8.75,0.0011605,0.001153,0
8.7609,0.0014525,0.0014456,0
8.7717,-0.005746,-0.0057518,0
8.7826,-0.0034132,-0.0034177,0
8.7935,-0.0044015,-0.0044049,0
8.8,-0.0047116,-0.0047144,0
8.8043,-0.0049139,-0.0049163,0
8.8152,-0.0044116,-0.0044131,0
8.8261,-0.0016868,-0.0016876,0
8.837,-0.0073155,-0.0073155,0
8.8478,-0.0058055,-0.0058046,0
8.85,-0.0055905,-0.0055894,0
8.8587,-0.0047569,-0.0047553,0
8.8696,-0.0065871,-0.0065847,0
8.8804,-0.0071555,-0.0071524,0
8.8913,-0.011115,-0.011111,0
8.9,-0.010088,-0.010083,0
8.9022,-0.0098389,-0.0098336,0
8.913,-0.012715,-0.012708,0
8.9239,-0.012542,-0.012535,0
8.9348,-0.015735,-0.015726,0
8.9457,-0.015106,-0.015096,0
8.95,-0.016848,-0.016838,0
8.9565,-0.019392,-0.019381,0
8.9674,-0.019582,-0.019569,0
8.9783,-0.014607,-0.014593,0
8.9891,-0.012085,-0.01207,0
9,-0.010053,-0.010038,0
9.0109,-0.010592,-0.010577,0
9.0217,-0.0059776,-0.0059629,0
9.0326,-0.0023389,-0.0023251,0
9.0435,0.0018091,0.0018215,0
9.05,0.0013967,0.0014081,0
9.0543,0.0011305,0.0011413,0
9.0652,0.0037263,0.0037356,0
9.0761,0.0082669,0.0082744,0
9.087,0.0069816,0.0069872,0
9.0978,0.0041137,0.0041179,0
9.1,0.0048315,0.0048354,0
9.1087,0.0076248,0.0076276,0
9.1196,0.0089279,0.0089291,0
9.1304,0.0092847,0.0092844,0
9.1413,0.0047569,0.0047555,0
9.15,0.0037411,0.0037393,0
9.1522,0.0034947,0.0034928,0
9.163,0.0066922,0.0066896,0
9.1739,0.0048885,0.0048852,0
9.1848,0.0056813,0.0056775,0
9.1957,0.005785,0.0057806,0
9.2,0.0068051,0.0068005,0
9.2065,0.0082938,0.0082888,0
9.2174,0.0037473,0.0037418,0
9.2283,0.0070388,0.0070331,0
9.2391,0.007993,0.0079866,0
9.25,0.0078795,0.0078725,0
9.2609,0.0081061,0.0080987,0
9.2717,0.0043352,0.0043275,0
9.2826,0.0037966,0.003789,0
9.2935,0.0016505,0.0016432,0
9.3,0.0026278,0.0026208,0
9.3043,0.0032611,0.0032542,0
9.3152,0.0015966,0.0015899,0
9.3261,0.0059693,0.0059627,0
9.337,0.0066157,0.0066089,0
9.3478,0.0067542,0.0067471,0
9.35,0.0061267,0.0061195,0
9.3587,0.0036873,0.0036801,0
9.3696,0.0080166,0.0080092,0
9.3804,0.011588,0.01158,0
9.3913,0.010895,0.010886,0
9.4,0.011502,0.011492,0
9.4022,0.01165,0.01164,0
9.413,0.018685,0.018675,0
9.4239,0.017465,0.017452,0
9.4348,0.015073,0.01506,0
9.4457,0.01301,0.012996,0
9.45,0.015111,0.015096,0
9.4565,0.018175,0.01816,0
9.4674,0.017987,0.017971,0
9.4783,0.018022,0.018005,0
9.4891,0.018624,0.018606,0
9.5,0.019102,0.019083,0
9.5109,0.011765,0.011746,0
9.5217,0.0061779,0.0061591,0
9.5326,0.0049492,0.0049316,0
9.5435,0.0059107,0.0058941,0
9.55,0.0050598,0.0050437,0
9.5543,0.0045079,0.0044922,0
9.5652,0.0016851,0.0016706,0
9.5761,-0.0037209,-0.0037338,0
9.587,-0.002608,-0.0026191,0
9.5978,0.0059848,0.0059746,0
9.6,0.0059799,0.0059697,0
9.6087,0.0059607,0.0059507,0
9.6196,0.0011267,0.0011172,0
9.6304,0.00083146,0.00082288,0
9.6413,0.00028301,0.00027527,0
9.65,0.0012989,0.0012917,0
9.6522,0.0015453,0.0015383,0
9.663,0.005767,0.0057602,0
9.6739,0.0060396,0.0060327,0
9.6848,0.007461,0.0074539,0
9.6957,0.0065189,0.0065115,0
9.7,0.0057158,0.0057084,0
9.7065,0.0045449,0.0045375,0
9.7174,0.001708,0.0017009,0
9.7283,0.0067244,0.0067175,0
9.7391,0.0096603,0.0096529,0
9.75,0.0067728,0.006765,0
9.7609,0.0022617,0.0022541,0
9.7717,0.0079562,0.0079486,0
9.7826,0.0030146,0.003007,0
9.7935,0.001993,0.0019859,0
9.8,0.0012932,0.0012864,0
9.8043,0.00083918,0.00083258,0
9.8152,0.0030869,0.0030807,0
9.8261,0.0060277,0.0060214,0
9.837,0.0077936,0.007787,0
9.8478,0.0039802,0.0039735,0
9.85,0.0044479,0.0044411,0
9.8587,0.006266,0.0062592,0
9.8696,0.0030846,0.0030779,0
9.8804,0.0025911,0.0025846,0
9.8913,0.0073821,0.0073756,0
9.9,0.0086667,0.0086598,0
9.9022,0.0089791,0.008972,0
9.913,0.0048383,0.004831,0
9.9239,0.0063587,0.0063513,0
9.9348,0.0082615,0.0082538,0
9.9457,0.0046612,0.0046533,0
9.95,0.004374,0.0043662,0
9.9565,0.003955,0.0039473,0
9.9674,0.0068136,0.0068059,0
9.9783,0.010394,0.010386,0
9.9891,0.0089134,0.0089047,0
10,0.011467,0.011457,0
