0,0,0,0,0
0.0058764,0.00020093,-1.0832e-05,0.00020093,-1.0876e-05
0.01087,0.00037156,-3.6452e-05,0.00037156,-3.6599e-05
0.021739,0.0028582,-0.00034824,0.0028582,-0.00034964
0.032609,0.0019579,-0.00077481,0.0019579,-0.00077782
0.043478,0.0032874,-0.0012026,0.0032874,-0.0012072
0.05,0.0034013,-0.0015217,0.0034012,-0.0015274
0.054348,0.003476,-0.0017306,0.0034759,-0.001737
0.065217,0.0030502,-0.0021803,0.00305,-0.002188
0.076087,0.0020659,-0.0024467,0.0020656,-0.0024549
0.086957,0.0021822,-0.0026039,0.0021818,-0.0026122
0.097826,0.0027545,-0.002812,0.002754,-0.0028206
0.1,0.0028009,-0.0028632,0.0028004,-0.0028719
0.1087,0.0029853,-0.0030755,0.0029848,-0.0030846
0.11957,0.0034832,-0.0033825,0.0034825,-0.0033922
0.13043,0.0039623,-0.0037519,0.0039615,-0.0037625
0.1413,0.0037749,-0.0041101,0.003774,-0.0041215
0.15,0.0047832,-0.0044353,0.0047822,-0.0044474
0.15217,0.0050348,-0.0045373,0.0050337,-0.0045497
0.16304,0.0044439,-0.0049817,0.0044427,-0.004995
0.17391,0.0021756,-0.0051018,0.0021742,-0.0051147
0.18478,0.00050886,-0.0048314,0.00050741,-0.0048424
0.19565,0.0023474,-0.0046116,0.0023458,-0.004621
0.2,0.0021481,-0.004594,0.0021465,-0.0046031
0.20652,0.0018496,-0.0045395,0.0018479,-0.0045481
0.21739,0.00080043,-0.0043249,0.00079868,-0.0043321
0.22826,-0.00011891,-0.0039429,-0.00012072,-0.0039481
0.23913,-0.00093719,-0.0034331,-0.00093904,-0.003436
0.25,-0.0014748,-0.0028457,-0.0014767,-0.0028461
0.26087,-0.0020148,-0.002215,-0.0020166,-0.0022129
0.27174,-0.0022583,-0.0015744,-0.0022601,-0.00157
0.28261,-0.00071817,-0.001128,-0.00071995,-0.0011221
0.29348,-0.00065235,-0.0008797,-0.00065405,-0.00087326
0.3,0.00014235,-0.00079448,0.00014069,-0.00078799
0.30435,0.00067231,-0.00079321,0.00067068,-0.00078691
0.31522,0.0014659,-0.00091882,0.0014643,-0.00091349
0.32609,0.0018048,-0.0011398,0.0018032,-0.0011357
0.33696,0.00118,-0.0013088,0.0011786,-0.0013057
0.34783,0.00068623,-0.0013528,0.00068478,-0.0013501
0.35,0.00063428,-0.0013502,0.00063283,-0.0013476
0.3587,0.00042659,-0.00132,0.00042517,-0.0013174
0.36957,-0.0009004,-0.0011359,-0.00090179,-0.0011328
0.38043,0.0013256,-0.0010636,0.0013242,-0.0010604
0.3913,0.0023433,-0.0013092,0.0023419,-0.0013073
0.4,0.0017656,-0.0015195,0.0017642,-0.0015185
0.40217,0.0016209,-0.0015549,0.0016196,-0.0015541
0.41304,0.00058453,-0.0016053,0.00058322,-0.0016047
0.42391,0.00040941,-0.0015352,0.00040811,-0.0015344
0.43478,0.0011793,-0.0015313,0.001178,-0.0015305
0.44565,0.00088128,-0.0015714,0.00088,-0.0015709
0.45,0.00033754,-0.0015528,0.00033626,-0.0015522
0.45652,-0.00047769,-0.0014459,-0.00047897,-0.0014449
0.46739,-0.0014433,-0.00111,-0.0014446,-0.0011077
0.47826,-0.0014825,-0.00071351,-0.0014837,-0.00070982
0.48913,-0.00027656,-0.00047254,-0.00027774,-0.00046815
0.5,-0.0003327,-0.000365,-0.00033384,-0.00036049
0.51087,0.00062506,-0.0003572,0.00062397,-0.00035297
0.52174,7.6182e-05,-0.00038697,7.5141e-05,-0.00038315
0.53261,4.4534e-05,-0.00035864,4.3533e-05,-0.00035496
0.54348,0.00018592,-0.00034411,0.00018496,-0.00034061
0.55,-0.00084155,-0.00028298,-0.00084249,-0.00027937
0.55435,-0.0015261,-0.00017649,-0.0015271,-0.00017255
0.56522,-0.0038932,0.00036803,-0.0038941,0.0003739
0.57609,-0.0034688,0.0010387,-0.0034696,0.0010469
0.58696,-0.0036141,0.0016143,-0.0036148,0.0016242
0.59783,-0.0023776,0.002023,-0.0023781,0.0020339
0.6,-0.0023865,0.0020753,-0.0023871,0.0020862
0.6087,-0.0024213,0.0022768,-0.0024217,0.002288
0.61957,-0.0028087,0.0025466,-0.0028091,0.0025582
0.63043,-0.003337,0.0028771,-0.0033373,0.0028892
0.6413,-0.0026246,0.0031536,-0.0026246,0.003166
0.65,-0.0021782,0.0032643,-0.0021782,0.0032765
0.65217,-0.0020665,0.0032794,-0.0020665,0.0032915
0.66304,-0.0011344,0.003248,-0.0011342,0.0032592
0.67391,0.00094056,0.0029281,0.00094086,0.0029373
0.68478,0.0016053,0.0023797,0.0016056,0.0023861
0.69565,-0.00015568,0.0019976,-0.00015524,0.0020022
0.7,-9.1401e-05,0.0019224,-9.0939e-05,0.0019265
0.70652,4.3983e-06,0.0018059,4.8856e-06,0.0018095
0.71739,0.0015865,0.0014636,0.001587,0.0014656
0.72826,0.00056114,0.0011075,0.00056167,0.001108
0.73913,0.00054666,0.00088661,0.00054719,0.00088621
0.75,-0.0010064,0.00084218,-0.0010059,0.00084169
0.76087,-0.00060541,0.00090994,-0.00060489,0.00090979
0.77174,-0.0010977,0.00098106,-0.0010971,0.00098125
0.78261,-0.0027088,0.0012495,-0.0027083,0.0012508
0.79348,-0.0021095,0.0015838,-0.0021089,0.0015864
0.8,-0.00076673,0.0016527,-0.00076616,0.0016555
0.80435,0.00012846,0.0016075,0.00012904,0.00161
0.81522,0.00081621,0.0013495,0.00081682,0.0013508
0.82609,0.00064673,0.0010696,0.00064734,0.0010698
0.83696,0.0038794,0.00051756,0.00388,0.00051556
0.84783,0.0031833,-0.00021513,0.0031839,-0.00021989
0.85,0.0034147,-0.00034324,0.0034153,-0.00034845
0.8587,0.0043375,-0.00091963,0.004338,-0.00092685
0.86957,0.0051214,-0.0017376,0.0051218,-0.0017475
0.88043,0.0058873,-0.0026204,0.0058876,-0.0026333
0.8913,0.0059357,-0.0034895,0.0059358,-0.0035049
0.9,0.0047721,-0.0040314,0.0047721,-0.0040482
0.90217,0.0044805,-0.0041307,0.0044805,-0.0041476
0.91304,0.0051378,-0.0046327,0.0051376,-0.0046504
0.92391,0.0053244,-0.0051633,0.005324,-0.005182
0.93478,0.0037997,-0.0055073,0.003799,-0.0055262
0.94565,0.006673,-0.0059535,0.0066721,-0.0059729
0.95,0.0073073,-0.0062564,0.0073064,-0.0062765
0.95652,0.0082561,-0.0067807,0.008255,-0.0068022
0.96739,0.008237,-0.0076706,0.0082357,-0.0076941
0.97826,0.0069761,-0.0083431,0.0069746,-0.0083679
0.98913,0.0062562,-0.0087565,0.0062543,-0.0087812
1,0.0058601,-0.0090202,0.005858,-0.0090444
1.0109,0.0057717,-0.0092106,0.0057694,-0.009234
1.0217,0.0047985,-0.0092775,0.0047959,-0.0092997
1.0326,0.0037935,-0.0091469,0.0037906,-0.0091671
1.0435,0.0031871,-0.0088751,0.003184,-0.008893
1.05,0.0025813,-0.0086544,0.0025782,-0.0086707
1.0543,0.0021784,-0.0084751,0.0021752,-0.0084903
1.0652,0.0033246,-0.0081333,0.0033212,-0.0081462
1.0761,0.002312,-0.0078359,0.0023085,-0.0078468
1.087,0.0029053,-0.0075315,0.0029016,-0.0075406
1.0978,0.0050942,-0.0075294,0.0050905,-0.007538
1.1,0.004885,-0.007568,0.0048812,-0.0075767
1.1087,0.0040476,-0.0076319,0.0040437,-0.0076405
1.1196,0.0045119,-0.0076704,0.004508,-0.0076787
1.1304,0.0038089,-0.0076799,0.0038049,-0.0076877
1.1413,0.0034972,-0.0075913,0.0034932,-0.0075984
1.15,0.0023048,-0.007409,0.0023006,-0.007415
1.1522,0.0020069,-0.0073362,0.0020028,-0.0073419
1.163,0.0037833,-0.0071407,0.0037791,-0.0071453
1.1739,0.0038277,-0.0071377,0.0038234,-0.0071421
1.1848,0.0036384,-0.0071207,0.0036341,-0.0071248
1.1957,0.0035931,-0.007083,0.0035888,-0.0070869
1.2,0.0035091,-0.007064,0.0035047,-0.0070676
1.2065,0.0033831,-0.0070244,0.0033787,-0.0070278
1.2174,0.0022316,-0.006839,0.0022271,-0.0068415
1.2283,0.002059,-0.0065468,0.0020546,-0.0065481
1.2391,0.003112,-0.0063717,0.0031076,-0.0063724
1.25,0.0052901,-0.006528,0.0052857,-0.0065293
1.2609,0.0053133,-0.0068765,0.0053088,-0.0068792
1.2717,0.0027395,-0.0069388,0.002735,-0.0069417
1.2826,0.0041766,-0.0068921,0.0041721,-0.0068947
1.2935,0.0039927,-0.0069682,0.0039882,-0.006971
1.3,0.0048089,-0.0070481,0.0048043,-0.0070511
1.3043,0.0053526,-0.0071524,0.005348,-0.0071558
1.3152,0.0062968,-0.0075389,0.0062921,-0.0075437
1.3261,0.0060952,-0.0079551,0.0060905,-0.0079614
1.337,0.0051698,-0.0082186,0.005165,-0.0082255
1.3478,0.0065438,-0.0085021,0.0065389,-0.0085097
1.35,0.0063604,-0.0085786,0.0063555,-0.0085865
1.3587,0.0056255,-0.0087962,0.0056206,-0.0088046
1.3696,0.0048917,-0.0089012,0.0048866,-0.0089095
1.3804,0.0058544,-0.0090203,0.0058493,-0.0090287
1.3913,0.00618,-0.0092502,0.0061748,-0.009259
1.4,0.0047946,-0.0093323,0.0047893,-0.009341
1.4022,0.0044482,-0.0093173,0.0044429,-0.0093258
1.413,0.0041792,-0.0091873,0.0041738,-0.0091948
1.4239,0.0039541,-0.0090231,0.0039487,-0.0090295
1.4348,0.0037339,-0.008833,0.0037284,-0.0088383
1.4457,0.0040378,-0.0086714,0.0040322,-0.0086758
1.45,0.0034245,-0.0085989,0.0034189,-0.0086029
1.4565,0.0025055,-0.0084049,0.0024999,-0.008408
1.4674,0.0019875,-0.0079702,0.0019818,-0.0079714
1.4783,0.00046701,-0.0073821,0.00046136,-0.0073809
1.4891,0.0011997,-0.0067826,0.0011941,-0.0067793
1.5,0.0023883,-0.006431,0.0023827,-0.0064265
1.5109,0.0021284,-0.0062025,0.0021228,-0.0061975
1.5217,0.0024627,-0.0060058,0.0024572,-0.0060004
1.5326,0.0031308,-0.0059266,0.0031254,-0.0059213
1.5435,0.0035791,-0.0059627,0.0035737,-0.0059579
1.55,0.0039137,-0.0060285,0.0039083,-0.0060243
1.5543,0.0041364,-0.0060922,0.0041311,-0.0060883
1.5652,0.0038639,-0.0062343,0.0038586,-0.0062313
1.5761,0.0042405,-0.0063729,0.0042353,-0.0063707
1.587,0.0028504,-0.0063965,0.0028451,-0.0063946
1.5978,0.0033058,-0.0063308,0.0033006,-0.0063288
1.6,0.0035489,-0.0063324,0.0035437,-0.0063305
1.6087,0.0045208,-0.0064342,0.0045156,-0.0064328
1.6196,0.0042658,-0.0066168,0.0042606,-0.0066163
1.6304,0.0042038,-0.0067504,0.0041986,-0.0067505
1.6413,0.0061607,-0.0070564,0.0061555,-0.0070577
1.65,0.0059322,-0.0074098,0.005927,-0.0074125
1.6522,0.0058746,-0.0074878,0.0058694,-0.0074908
1.663,0.005979,-0.0078579,0.0059737,-0.0078622
1.6739,0.0066793,-0.0082685,0.006674,-0.0082741
1.6848,0.0056788,-0.0086048,0.0056735,-0.0086114
1.6957,0.0058782,-0.0088313,0.0058728,-0.0088384
1.7,0.0063191,-0.0089407,0.0063136,-0.0089481
1.7065,0.0069793,-0.0091613,0.0069738,-0.0091693
1.7174,0.0073213,-0.0095951,0.0073157,-0.0096043
1.7283,0.0074324,-0.010027,0.0074267,-0.010038
1.7391,0.0056376,-0.010249,0.0056318,-0.01026
1.75,0.004354,-0.010153,0.004348,-0.010162
1.7609,0.0021118,-0.009725,0.0021057,-0.0097322
1.7717,0.00096931,-0.0090169,0.0009632,-0.0090209
1.7826,0.001214,-0.0082978,0.0012079,-0.0082987
1.7935,0.0010574,-0.0076607,0.0010512,-0.007659
1.8,0.00040107,-0.0072621,0.00039496,-0.0072589
1.8043,-3.4933e-05,-0.0069672,-4.1027e-05,-0.0069629
1.8152,0.0024131,-0.0064821,0.0024071,-0.0064762
1.8261,0.0017295,-0.0062116,0.0017235,-0.0062051
1.837,0.0017368,-0.005905,0.0017309,-0.0058977
1.8478,0.0016772,-0.0056249,0.0016714,-0.005617
1.85,0.0017018,-0.0055718,0.001696,-0.0055638
1.8587,0.0018013,-0.0053802,0.0017956,-0.0053719
1.8696,0.0026526,-0.005256,0.0026469,-0.0052478
1.8804,0.00022812,-0.0049873,0.00022258,-0.0049786
1.8913,-0.0014272,-0.0043545,-0.0014326,-0.0043439
1.9,-0.0028735,-0.0036547,-0.0028788,-0.0036418
1.9022,-0.003234,-0.0034532,-0.0032393,-0.0034396
1.913,-0.0028629,-0.0025102,-0.002868,-0.0024938
1.9239,-0.0029008,-0.0016959,-0.0029058,-0.0016773
1.9348,-0.0029345,-0.00095869,-0.0029392,-0.00093841
1.9457,-0.0028748,-0.00030017,-0.0028794,-0.0002786
1.95,-0.002407,-7.7307e-05,-0.0024114,-5.5413e-05
1.9565,-0.0017036,0.0001699,-0.0017079,0.00019192
1.9674,-0.002093,0.00051889,-0.0020971,0.00054086
1.9783,-0.0037903,0.0010352,-0.0037941,0.0010578
1.9891,-0.0048753,0.0017653,-0.0048788,0.0017894
2,-0.0060502,0.0026381,-0.0060535,0.0026641
2.0109,-0.0074185,0.0036661,-0.0074215,0.0036946
2.0217,-0.0072947,0.0047055,-0.0072974,0.0047363
2.0326,-0.0088726,0.0057808,-0.0088749,0.0058139
2.0435,-0.0090905,0.0069158,-0.0090925,0.0069513
2.05,-0.0081963,0.007499,-0.008198,0.0075355
2.0543,-0.0075982,0.007808,-0.0075998,0.0078448
2.0652,-0.0088149,0.0085863,-0.008816,0.0086239
2.0761,-0.0091195,0.0094294,-0.0091202,0.0094679
2.087,-0.010054,0.010306,-0.010055,0.010346
2.0978,-0.011134,0.011287,-0.011134,0.011328
2.1,-0.010814,0.011485,-0.010814,0.011526
2.1087,-0.00953,0.012111,-0.0095294,0.012153
2.1196,-0.010096,0.012754,-0.010095,0.012796
2.1304,-0.011245,0.013497,-0.011244,0.013539
2.1413,-0.012312,0.014377,-0.01231,0.01442
2.15,-0.012831,0.015137,-0.012828,0.015181
2.1522,-0.012959,0.01533,-0.012957,0.015374
2.163,-0.012597,0.016211,-0.012594,0.016256
2.1739,-0.01333,0.017038,-0.013327,0.017084
2.1848,-0.011986,0.017718,-0.011983,0.017763
2.1957,-0.012072,0.018209,-0.012068,0.018254
2.2,-0.011873,0.018386,-0.011868,0.018431
2.2065,-0.011572,0.018609,-0.011567,0.018652
2.2174,-0.012663,0.019026,-0.012658,0.019069
2.2283,-0.013002,0.019538,-0.012996,0.01958
2.2391,-0.012466,0.019976,-0.01246,0.020017
2.25,-0.013134,0.020383,-0.013128,0.020424
2.2609,-0.013749,0.020873,-0.013742,0.020913
2.2717,-0.013644,0.021359,-0.013636,0.021399
2.2826,-0.013477,0.021769,-0.013469,0.021808
2.2935,-0.014618,0.022233,-0.01461,0.022272
2.3,-0.014359,0.022539,-0.01435,0.022577
2.3043,-0.014185,0.022715,-0.014176,0.022753
2.3152,-0.012591,0.022949,-0.012581,0.022986
2.3261,-0.010591,0.022813,-0.010582,0.022847
2.337,-0.012083,0.022647,-0.012073,0.022679
2.3478,-0.010218,0.022457,-0.010208,0.022486
2.35,-0.0098286,0.022377,-0.0098182,0.022405
2.3587,-0.0082721,0.02192,-0.0082615,0.021945
2.3696,-0.007617,0.021189,-0.0076061,0.02121
2.3804,-0.0082834,0.020537,-0.0082724,0.020554
2.3913,-0.0073988,0.019929,-0.0073875,0.019943
2.4,-0.0071025,0.019396,-0.0070912,0.019408
2.4022,-0.0070292,0.019263,-0.0070179,0.019274
2.413,-0.0080765,0.018734,-0.0080651,0.018742
2.4239,-0.0082845,0.018379,-0.008273,0.018385
2.4348,-0.0085159,0.018102,-0.0085043,0.018108
2.4457,-0.0075857,0.017785,-0.007574,0.01779
2.45,-0.0074627,0.017627,-0.007451,0.01763
2.4565,-0.0072794,0.017383,-0.0072677,0.017386
2.4674,-0.0080587,0.01707,-0.008047,0.017071
2.4783,-0.0066688,0.016726,-0.0066571,0.016726
2.4891,-0.005259,0.016148,-0.0052473,0.016146
2.5,-0.0049895,0.01547,-0.0049778,0.015465
2.5109,-0.0042292,0.014761,-0.0042176,0.014755
2.5217,-0.0037137,0.014003,-0.0037021,0.013994
2.5326,-0.0034645,0.01325,-0.003453,0.013239
2.5435,-0.0051331,0.012715,-0.0051218,0.012703
2.55,-0.0043199,0.012469,-0.0043087,0.012457
2.5543,-0.0037787,0.01226,-0.0037676,0.012247
2.5652,-0.0047155,0.011816,-0.0047044,0.011802
2.5761,-0.0048843,0.011523,-0.0048734,0.011509
2.587,-0.0040308,0.011192,-0.0040201,0.011178
2.5978,-0.0026346,0.010678,-0.002624,0.010663
2.6,-0.0029149,0.010559,-0.0029044,0.010544
2.6087,-0.0040383,0.010222,-0.0040278,0.010206
2.6196,-0.0043567,0.0099771,-0.0043464,0.0099617
2.6304,-0.0057547,0.0099249,-0.0057446,0.0099104
2.6413,-0.004341,0.0098717,-0.0043311,0.0098581
2.65,-0.0044429,0.009733,-0.0044331,0.0097196
2.6522,-0.0044686,0.0097027,-0.0044588,0.0096894
2.663,-0.0050604,0.0096213,-0.0050508,0.0096087
2.6739,-0.0072173,0.0098158,-0.0072078,0.0098049
2.6848,-0.0084788,0.010318,-0.0084694,0.01031
2.6957,-0.0089437,0.010934,-0.0089344,0.010929
2.7,-0.0082501,0.011152,-0.0082408,0.011148
2.7065,-0.0072083,0.011359,-0.007199,0.011356
2.7174,-0.0072216,0.011578,-0.0072124,0.011576
2.7283,-0.0074431,0.011798,-0.0074338,0.011797
2.7391,-0.0070954,0.011981,-0.0070861,0.011981
2.75,-0.0071286,0.012116,-0.0071193,0.012117
2.7609,-0.0068594,0.012214,-0.0068502,0.012215
2.7717,-0.0060355,0.012195,-0.0060262,0.012196
2.7826,-0.0058419,0.012082,-0.0058326,0.012082
2.7935,-0.0050291,0.011882,-0.0050198,0.011882
2.8,-0.0050455,0.011726,-0.0050362,0.011725
2.8043,-0.0050569,0.011628,-0.0050476,0.011627
2.8152,-0.0055464,0.011452,-0.0055372,0.01145
2.8261,-0.0043004,0.011217,-0.0042912,0.011215
2.837,-0.0038392,0.010844,-0.00383,0.01084
2.8478,-0.0045854,0.010539,-0.0045763,0.010534
2.85,-0.004745,0.0105,-0.0047359,0.010495
2.8587,-0.0053841,0.010414,-0.005375,0.010409
2.8696,-0.0032908,0.010172,-0.0032818,0.010167
2.8804,-0.0028305,0.0097122,-0.0028216,0.0097051
2.8913,-0.005284,0.0094967,-0.0052751,0.0094893
2.9,-0.0054511,0.0095414,-0.0054423,0.0095345
2.9022,-0.0054928,0.0095561,-0.005484,0.0095494
2.913,-0.0043034,0.0095124,-0.0042946,0.009506
2.9239,-0.0038139,0.0093127,-0.0038052,0.0093059
2.9348,-0.0043852,0.0091433,-0.0043766,0.0091363
2.9457,-0.0040517,0.0090128,-0.0040432,0.0090057
2.95,-0.0049195,0.0089861,-0.004911,0.0089791
2.9565,-0.006221,0.0090769,-0.0062126,0.0090706
2.9674,-0.0053771,0.0092569,-0.0053687,0.0092517
2.9783,-0.0042468,0.0092276,-0.0042385,0.0092226
2.9891,-0.0048384,0.0091524,-0.0048301,0.0091474
3,-0.0044816,0.0091059,-0.0044734,0.0091011
3.0109,-0.0026382,0.0088496,-0.00263,0.0088441
3.0217,-0.0030275,0.0084836,-0.0030194,0.0084769
3.0326,-0.0021806,0.008109,-0.0021726,0.0081013
3.0435,-0.0020145,0.0076767,-0.0020066,0.0076677
3.05,-0.0018389,0.0074189,-0.001831,0.0074092
3.0543,-0.0017227,0.0072446,-0.0017149,0.0072345
3.0652,0.0011121,0.0065514,0.0011198,0.0065391
3.0761,0.0026962,0.005506,0.0027037,0.0054903
3.087,0.001884,0.0044983,0.0018914,0.0044796
3.0978,0.00084283,0.0037734,0.00084997,0.0037531
3.1,0.00056215,0.003664,0.00056925,0.0036434
3.1087,-0.00056252,0.0033597,-0.0005556,0.0033391
3.1196,-3.3589e-05,0.0030698,-2.6889e-05,0.0030493
3.1304,0.0017151,0.0025881,0.0017215,0.002567
3.1413,0.0010659,0.0020544,0.0010722,0.0020325
3.15,0.00074164,0.0017426,0.00074769,0.0017206
3.1522,0.00066018,0.0016769,0.00066618,0.0016549
3.163,0.00157,0.0012875,0.0015757,0.0012653
3.1739,0.0023037,0.00078018,0.0023092,0.00075735
3.1848,0.0032797,0.00016003,0.003285,0.00013615
3.1957,0.0039273,-0.00055205,0.0039323,-0.00057728
3.2,0.0038879,-0.00083956,0.0038928,-0.00086532
3.2065,0.0038266,-0.0012421,0.0038313,-0.0012685
3.2174,0.0034426,-0.0018137,0.003447,-0.0018408
3.2283,0.0028191,-0.0022289,0.0028232,-0.0022559
3.2391,0.0028105,-0.0025415,0.0028144,-0.0025681
3.25,0.0019469,-0.0027363,0.0019504,-0.002762
3.2609,0.0019722,-0.0028318,0.0019755,-0.0028563
3.2717,0.0013403,-0.0028578,0.0013433,-0.0028809
3.2826,0.00025038,-0.0027145,0.00025316,-0.0027356
3.2935,0.00059864,-0.0025169,0.0006012,-0.002536
3.3,0.0011097,-0.0024591,0.0011122,-0.0024772
3.3043,0.0014506,-0.0024563,0.001453,-0.0024741
3.3152,0.0038564,-0.0027186,0.0038586,-0.0027363
3.3261,0.0050371,-0.0032972,0.0050391,-0.0033163
3.337,0.0036648,-0.0037932,0.0036666,-0.0038132
3.3478,0.0043459,-0.0041751,0.0043474,-0.0041954
3.35,0.0039336,-0.0042517,0.0039351,-0.0042721
3.3587,0.0022834,-0.0043797,0.0022847,-0.0043996
3.3696,0.0020125,-0.0043415,0.0020136,-0.0043601
3.3804,0.0018586,-0.0042665,0.0018595,-0.0042838
3.3913,0.0020369,-0.0042022,0.0020376,-0.0042182
3.4,0.0025236,-0.0042076,0.0025242,-0.004223
3.4022,0.0026453,-0.004221,0.0026458,-0.0042362
3.413,0.0032424,-0.0043541,0.0032428,-0.004369
3.4239,0.0028969,-0.004496,0.0028972,-0.0045107
3.4348,0.0035861,-0.0046582,0.0035862,-0.0046727
3.4457,0.003446,-0.0048552,0.0034459,-0.0048697
3.45,0.0031916,-0.0049124,0.0031914,-0.0049269
3.4565,0.0028096,-0.0049561,0.0028093,-0.0049702
3.4674,0.0025719,-0.0049631,0.0025715,-0.0049765
3.4783,0.00056299,-0.0047498,0.00056247,-0.0047616
3.4891,0.0013653,-0.0044472,0.0013647,-0.0044572
3.5,0.0013764,-0.0042527,0.0013756,-0.0042615
3.5109,0.0026618,-0.0042055,0.0026609,-0.0042137
3.5217,0.0025158,-0.0042704,0.0025148,-0.0042785
3.5326,-0.00012752,-0.0040555,-0.00012852,-0.0040623
3.5435,0.00079172,-0.0037029,0.00079065,-0.003708
3.55,0.0007586,-0.0035604,0.0007575,-0.0035648
3.5543,0.00073703,-0.0034682,0.00073591,-0.0034722
3.5652,0.0021824,-0.0033944,0.0021812,-0.003398
3.5761,0.002594,-0.0035053,0.0025928,-0.0035092
3.587,0.0013529,-0.0035219,0.0013517,-0.0035258
3.5978,0.00024185,-0.0033104,0.00024057,-0.0033134
3.6,0.00032443,-0.0032506,0.00032314,-0.0032533
3.6087,0.00065588,-0.0030563,0.00065457,-0.0030582
3.6196,0.0015521,-0.0029554,0.0015508,-0.0029569
3.6304,0.0014048,-0.0029353,0.0014034,-0.0029367
3.6413,0.0012453,-0.0028876,0.0012439,-0.0028889
3.65,0.0010688,-0.0028269,0.0010675,-0.002828
3.6522,0.0010248,-0.0028082,0.0010234,-0.0028092
3.663,0.00011163,-0.0026265,0.00011025,-0.0026268
3.6739,0.0012357,-0.0024874,0.0012343,-0.0024873
3.6848,0.00069712,-0.0024162,0.00069574,-0.0024159
3.6957,-0.00018543,-0.0022148,-0.0001868,-0.0022138
3.7,-0.00067392,-0.0020861,-0.00067528,-0.0020847
3.7065,-0.0014054,-0.0018309,-0.0014068,-0.0018286
3.7174,-0.00031229,-0.0014785,-0.00031361,-0.0014751
3.7283,-0.00086929,-0.0012112,-0.00087057,-0.001207
3.7391,-0.0016302,-0.00084412,-0.0016315,-0.00083883
3.75,-0.0020719,-0.00039958,-0.002073,-0.00039295
3.7609,-0.0029699,0.00012901,-0.002971,0.00013722
3.7717,-0.0033053,0.00072093,-0.0033062,0.00073089
3.7826,-0.0038321,0.0013352,-0.003833,0.0013469
3.7935,-0.004471,0.0019987,-0.0044717,0.0020122
3.8,-0.0046272,0.0024098,-0.0046278,0.0024244
3.8043,-0.0047298,0.0026796,-0.0047304,0.0026948
3.8152,-0.0038451,0.0032279,-0.0038455,0.0032443
3.8261,-0.0057531,0.0038232,-0.0057533,0.0038408
3.837,-0.005642,0.0045267,-0.005642,0.0045459
3.8478,-0.0070149,0.0052818,-0.0070147,0.0053027
3.85,-0.007755,0.0054652,-0.0077547,0.0054866
3.8587,-0.01071,0.0064514,-0.01071,0.0064756
3.8696,-0.0109,0.0078686,-0.010899,0.0078969
3.8804,-0.010041,0.0090734,-0.01004,0.0091046
3.8913,-0.0089575,0.0099664,-0.0089561,0.009999
3.9,-0.0081706,0.010469,-0.0081689,0.010502
3.9022,-0.0079732,0.010568,-0.0079714,0.010601
3.913,-0.0075145,0.01097,-0.0075124,0.011002
3.9239,-0.008732,0.011406,-0.0087295,0.011438
3.9348,-0.0075249,0.011794,-0.0075221,0.011826
3.9457,-0.0085868,0.012132,-0.0085837,0.012163
3.95,-0.0086582,0.012302,-0.0086549,0.012332
3.9565,-0.0087639,0.012553,-0.0087605,0.012584
3.9674,-0.0086481,0.012936,-0.0086442,0.012966
3.9783,-0.0096456,0.013366,-0.0096414,0.013396
3.9891,-0.0099829,0.01388,-0.0099784,0.01391
4,-0.011028,0.014475,-0.011024,0.014505
4.0109,-0.0086732,0.014876,-0.0086681,0.014906
4.0217,-0.0096221,0.015106,-0.0096167,0.015136
4.0326,-0.0096102,0.015402,-0.0096044,0.01543
4.0435,-0.0099947,0.015703,-0.0099886,0.015731
4.05,-0.010169,0.015901,-0.010162,0.015929
4.0543,-0.010284,0.016038,-0.010277,0.016066
4.0652,-0.010486,0.016385,-0.010479,0.016413
4.0761,-0.010123,0.016681,-0.010116,0.016708
4.087,-0.009054,0.016806,-0.0090468,0.016832
4.0978,-0.011035,0.017012,-0.011027,0.017037
4.1,-0.010965,0.017089,-0.010957,0.017114
4.1087,-0.010684,0.01735,-0.010676,0.017375
4.1196,-0.010263,0.017578,-0.010255,0.017603
4.1304,-0.01076,0.017792,-0.010752,0.017816
4.1413,-0.012798,0.01823,-0.012789,0.018255
4.15,-0.011014,0.018563,-0.011006,0.018588
4.1522,-0.010568,0.018598,-0.010559,0.018622
4.163,-0.01102,0.018761,-0.011011,0.018784
4.1739,-0.010006,0.01885,-0.0099971,0.018873
4.1848,-0.0099507,0.018829,-0.0099411,0.01885
4.1957,-0.0089574,0.018707,-0.0089476,0.018727
4.2,-0.0090291,0.018626,-0.0090192,0.018645
4.2065,-0.0091373,0.018522,-0.0091272,0.01854
4.2174,-0.0090711,0.018366,-0.0090609,0.018382
4.2283,-0.0085489,0.018169,-0.0085385,0.018183
4.2391,-0.0079712,0.017886,-0.0079607,0.017899
4.25,-0.007114,0.017493,-0.0071034,0.017504
4.2609,-0.0077674,0.017124,-0.0077567,0.017133
4.2717,-0.007049,0.016785,-0.0070381,0.016792
4.2826,-0.0071505,0.016422,-0.0071396,0.016427
4.2935,-0.0087482,0.016263,-0.0087373,0.016268
4.3,-0.0086956,0.016265,-0.0086846,0.01627
4.3043,-0.0086605,0.016263,-0.0086495,0.016268
4.3152,-0.007588,0.01615,-0.0075769,0.016154
4.3261,-0.0067366,0.015863,-0.0067255,0.015866
4.337,-0.0061387,0.015467,-0.0061276,0.015468
4.3478,-0.005411,0.014983,-0.0053999,0.014982
4.35,-0.0053553,0.014877,-0.0053442,0.014876
4.3587,-0.005135,0.014454,-0.0051239,0.014451
4.3696,-0.0036594,0.013808,-0.0036483,0.013803
4.3804,-0.0021494,0.012941,-0.0021385,0.012933
4.3913,-0.0026209,0.012067,-0.00261,0.012056
4.4,-0.0031247,0.011509,-0.0031139,0.011497
4.4022,-0.0032514,0.011389,-0.0032406,0.011377
4.413,-0.003613,0.010877,-0.0036024,0.010863
4.4239,-0.0039823,0.010488,-0.0039718,0.010473
4.4348,-0.0054126,0.010314,-0.0054023,0.0103
4.4457,-0.00549,0.010301,-0.0054799,0.010288
4.45,-0.0053264,0.010293,-0.0053163,0.01028
4.4565,-0.005081,0.010256,-0.005071,0.010244
4.4674,-0.0048348,0.010154,-0.004825,0.010142
4.4783,-0.0030833,0.0098665,-0.0030735,0.0098545
4.4891,-0.0029512,0.0094302,-0.0029416,0.0094174
4.5,-0.0028249,0.009014,-0.0028155,0.0090005
4.5109,-0.0024618,0.0085932,-0.0024525,0.0085789
4.5217,-0.003169,0.0082508,-0.0031599,0.0082361
4.5326,-0.002519,0.0079468,-0.00251,0.007932
4.5435,-0.00093511,0.0074573,-0.00092626,0.0074416
4.55,-0.00029216,0.007058,-0.00028342,0.0070413
4.5543,0.00013496,0.0067635,0.00014362,0.006746
4.5652,0.0015534,0.0059008,0.0015618,0.0058811
4.5761,0.0016479,0.0049837,0.0016561,0.0049616
4.587,0.00039851,0.0042747,0.00040649,0.0042513
4.5978,-0.0014508,0.0039385,-0.0014431,0.0039153
4.6,-0.0013489,0.00391,-0.0013412,0.003887
4.6087,-0.00094169,0.003762,-0.0009342,0.0037396
4.6196,-0.00026536,0.0034891,-0.00025812,0.0034671
4.6304,-0.00069582,0.0032227,-0.00068882,0.003201
4.6413,-0.00047367,0.0030026,-0.0004669,0.0029815
4.65,-0.0012888,0.0028905,-0.0012822,0.00287
4.6522,-0.0014926,0.0028842,-0.0014861,0.0028639
4.663,-0.0020495,0.002929,-0.0020432,0.0029103
4.6739,-0.0006285,0.0028825,-0.00062236,0.0028647
4.6848,0.00017651,0.0026274,0.00018245,0.0026097
4.6957,-0.00087043,0.0024251,-0.00086468,0.0024077
4.7,-0.00075307,0.0023864,-0.00074739,0.0023693
4.7065,-0.00057738,0.002314,-0.00057182,0.0022973
4.7174,-0.0028133,0.002406,-0.002808,0.0023906
4.7283,-0.0024791,0.0026673,-0.0024739,0.0026539
4.7391,-0.0020321,0.0028261,-0.002027,0.0028141
4.75,-0.0030926,0.0030303,-0.0030876,0.0030198
4.7609,-0.004825,0.0034837,-0.0048201,0.0034757
4.7717,-0.0035914,0.0039332,-0.0035866,0.0039274
4.7826,-0.0019698,0.0040606,-0.0019651,0.0040556
4.7935,-0.0020833,0.0040326,-0.0020786,0.0040277
4.8,-0.0024023,0.0040428,-0.0023976,0.0040381
4.8043,-0.0026148,0.0040704,-0.0026102,0.0040658
4.8152,-0.0039455,0.004285,-0.0039409,0.0042816
4.8261,-0.0033977,0.0045497,-0.0033931,0.0045474
4.837,-0.0037335,0.0047682,-0.003729,0.0047669
4.8478,-0.0051678,0.0051367,-0.0051633,0.0051368
4.85,-0.0052539,0.0052357,-0.0052494,0.0052362
4.8587,-0.0055961,0.0056448,-0.0055915,0.0056469
4.8696,-0.0048081,0.0060638,-0.0048035,0.0060673
4.8804,-0.0050098,0.0063848,-0.0050051,0.0063893
4.8913,-0.0047118,0.0066626,-0.0047071,0.0066677
4.9,-0.0053504,0.0068917,-0.0053457,0.0068974
4.9022,-0.0055097,0.0069617,-0.005505,0.0069677
4.913,-0.0059044,0.0073443,-0.0058996,0.0073513
4.9239,-0.0048934,0.0076255,-0.0048885,0.0076331
4.9348,-0.0049121,0.007784,-0.0049071,0.0077916
4.9457,-0.00417,0.007855,-0.0041649,0.0078624
4.95,-0.0038566,0.0078398,-0.0038515,0.0078469
4.9565,-0.0033868,0.0077717,-0.0033816,0.0077782
4.9674,-0.0032254,0.0076071,-0.0032202,0.0076124
4.9783,-0.0022747,0.0073509,-0.0022695,0.0073548
4.9891,-0.0017591,0.0069806,-0.0017538,0.0069827
5,-0.0027243,0.0066944,-0.0027191,0.0066952
5.0109,-0.0014987,0.0064088,-0.0014934,0.0064083
5.0217,-0.0020658,0.0060923,-0.0020605,0.0060906
5.0326,-0.00409,0.0060607,-0.0040848,0.006059
5.0435,-0.0033303,0.0061493,-0.003325,0.006148
5.05,-0.0037714,0.0061803,-0.0037661,0.0061792
5.0543,-0.0040652,0.006229,-0.00406,0.0062281
5.0652,-0.002367,0.0062034,-0.0023618,0.0062025
5.0761,-0.0038257,0.0061629,-0.0038205,0.0061619
5.087,-0.0057815,0.0064565,-0.0057763,0.0064566
5.0978,-0.0065194,0.0069772,-0.0065142,0.0069794
5.1,-0.0066413,0.0070917,-0.0066361,0.0070943
5.1087,-0.0071265,0.0075735,-0.0071213,0.007578
5.1196,-0.0070116,0.0081546,-0.0070063,0.008161
5.1304,-0.0060722,0.0085726,-0.0060668,0.0085803
5.1413,-0.0050022,0.0087537,-0.0049967,0.0087616
5.15,-0.0057135,0.0088595,-0.0057079,0.0088673
5.1522,-0.0058911,0.0089022,-0.0058856,0.0089101
5.163,-0.0059748,0.0091276,-0.0059691,0.0091358
5.1739,-0.0066625,0.0094051,-0.0066568,0.0094139
5.1848,-0.0055692,0.0096119,-0.0055634,0.0096209
5.1957,-0.0042514,0.0095646,-0.0042455,0.0095728
5.2,-0.0040169,0.0094862,-0.004011,0.0094939
5.2065,-0.0036659,0.0093401,-0.0036599,0.0093469
5.2174,-0.0051756,0.0092314,-0.0051695,0.0092373
5.2283,-0.0052897,0.009288,-0.0052836,0.0092937
5.2391,-0.0041983,0.0092424,-0.0041921,0.0092476
5.25,-0.0040071,0.0090796,-0.0040008,0.0090838
5.2609,-0.0039997,0.0089147,-0.0039935,0.008918
5.2717,-0.0037764,0.0087442,-0.0037701,0.0087466
5.2826,-0.0023457,0.0084299,-0.0023394,0.0084309
5.2935,-0.0020138,0.00798,-0.0020074,0.0079791
5.3,-0.0028889,0.0077657,-0.0028826,0.007764
5.3043,-0.003473,0.0076882,-0.0034667,0.0076863
5.3152,-0.0052573,0.0077397,-0.005251,0.0077382
5.3261,-0.0054514,0.0079737,-0.0054452,0.0079732
5.337,-0.0043465,0.0080935,-0.0043402,0.0080936
5.3478,-0.0037261,0.0080356,-0.0037198,0.0080354
5.35,-0.0036944,0.0080119,-0.0036881,0.0080116
5.3587,-0.0035679,0.0079095,-0.0035616,0.0079088
5.3696,-0.0044971,0.0078725,-0.0044908,0.0078718
5.3804,-0.0037717,0.0078561,-0.0037655,0.0078554
5.3913,-0.0043371,0.0078282,-0.0043308,0.0078275
5.4,-0.0050733,0.0079095,-0.005067,0.0079091
5.4022,-0.0052571,0.007947,-0.0052509,0.0079467
5.413,-0.0052697,0.0081418,-0.0052635,0.0081423
5.4239,-0.0058991,0.0083794,-0.0058928,0.0083809
5.4348,-0.0060953,0.0086713,-0.006089,0.0086739
5.4457,-0.0046977,0.0088146,-0.0046913,0.0088175
5.45,-0.0050084,0.0088255,-0.0050021,0.0088284
5.4565,-0.0054743,0.008887,-0.0054679,0.0088901
5.4674,-0.0069229,0.0091676,-0.0069165,0.0091716
5.4783,-0.0076458,0.0096271,-0.0076394,0.0096328
5.4891,-0.0074045,0.010084,-0.0073979,0.010091
5.5,-0.005283,0.010263,-0.0052764,0.01027
5.5109,-0.0044743,0.010143,-0.0044676,0.01015
5.5217,-0.0044274,0.0099548,-0.0044207,0.00996
5.5326,-0.0038345,0.0097233,-0.0038277,0.0097272
5.5435,-0.002882,0.009366,-0.0028752,0.0093683
5.55,-0.0025262,0.0090932,-0.0025193,0.0090943
5.5543,-0.00229,0.0088974,-0.0022831,0.0088977
5.5652,-0.0031262,0.0085032,-0.0031194,0.0085019
5.5761,-0.001272,0.0080468,-0.0012652,0.0080438
5.587,-0.0023709,0.0075699,-0.0023641,0.0075652
5.5978,-0.0023883,0.0072478,-0.0023816,0.0072422
5.6,-0.002665,0.0071935,-0.0026583,0.0071877
5.6087,-0.0037726,0.0070964,-0.003766,0.0070906
5.6196,-0.003335,0.0070487,-0.0033284,0.0070431
5.6304,-0.0034763,0.0069783,-0.0034698,0.0069728
5.6413,-0.0036988,0.0069504,-0.0036923,0.0069452
5.65,-0.0027572,0.0068728,-0.0027508,0.0068675
5.6522,-0.002522,0.006831,-0.0025156,0.0068256
5.663,-0.0034741,0.0067059,-0.0034677,0.0067004
5.6739,-0.0014653,0.0064868,-0.001459,0.0064808
5.6848,-0.00044582,0.0060002,-0.00043961,0.0059926
5.6957,-0.00026937,0.00545,-0.00026325,0.0054407
5.7,-0.00051119,0.005249,-0.00050511,0.0052391
5.7065,-0.00087541,0.0049993,-0.0008694,0.0049889
5.7174,9.2658e-05,0.0045575,9.8551e-05,0.0045459
5.7283,0.00047031,0.0040325,0.00047607,0.0040197
5.7391,0.00030247,0.0035425,0.00030809,0.0035285
5.75,0.0018732,0.0029648,0.0018786,0.0029494
5.7609,0.0029967,0.0021878,0.003002,0.0021703
5.7717,0.0025146,0.001432,0.0025197,0.0014126
5.7826,0.0039446,0.00065945,0.0039495,0.00063824
5.7935,0.0035252,-0.00012759,0.0035298,-0.00015057
5.8,0.0024698,-0.00047291,0.0024742,-0.00049639
5.8043,0.0017651,-0.0006211,0.0017694,-0.00064457
5.8152,0.0013306,-0.00085458,0.0013347,-0.00087746
5.8261,0.0016676,-0.0010559,0.0016715,-0.0010782
5.837,0.001596,-0.0012614,0.0015996,-0.001283
5.8478,0.00071808,-0.0013527,0.00072147,-0.0013734
5.85,0.00037412,-0.0013456,0.00037747,-0.0013659
5.8587,-0.0010011,-0.001183,-0.00099796,-0.0012016
5.8696,-0.00044993,-0.00092211,-0.00044694,-0.00093857
5.8804,-0.00076407,-0.00070949,-0.00076124,-0.0007241
5.8913,-0.0010741,-0.00045866,-0.0010714,-0.00047139
5.9,-0.0024116,-0.00014734,-0.002409,-0.00015821
5.9022,-0.0027455,-4.0401e-05,-0.0027429,-5.071e-05
5.913,-0.0016754,0.00038787,-0.0016729,0.00037985
5.9239,-0.0018878,0.00069158,-0.0018855,0.00068519
5.9348,-0.00051323,0.00084921,-0.00051092,0.00084376
5.9457,-0.0014929,0.00095665,-0.0014907,0.00095189
5.95,-0.0011055,0.0010192,-0.0011033,0.0010148
5.9565,-0.00052404,0.0010506,-0.00052184,0.0010465
5.9674,-0.0014229,0.0011315,-0.0014207,0.0011278
5.9783,-0.0034513,0.001488,-0.0034492,0.0014859
5.9891,-0.0036656,0.0020206,-0.0036635,0.0020207
6,-0.0038705,0.0025388,-0.0038684,0.0025408
6.0109,-0.0033174,0.0029686,-0.0033152,0.0029721
6.0217,-0.0030896,0.0032794,-0.0030874,0.0032838
6.0326,-0.0018275,0.0034128,-0.0018252,0.0034173
6.0435,-0.0017031,0.0034008,-0.0017008,0.0034049
6.05,-0.0017592,0.0033903,-0.0017569,0.0033942
6.0543,-0.0017967,0.0033875,-0.0017943,0.0033912
6.0652,-0.0036839,0.0035695,-0.0036815,0.0035736
6.0761,-0.0042649,0.0039683,-0.0042625,0.0039737
6.087,-0.0042006,0.0043746,-0.0041981,0.0043812
6.0978,-0.0039096,0.0047044,-0.003907,0.0047118
6.1,-0.0042226,0.0047668,-0.00422,0.0047743
6.1087,-0.0054731,0.0051261,-0.0054704,0.0051346
6.1196,-0.0043155,0.0055386,-0.0043127,0.0055482
6.1304,-0.0033811,0.0057074,-0.0033783,0.0057169
6.1413,-0.0045236,0.0058825,-0.0045206,0.005892
6.15,-0.0061375,0.0062244,-0.0061344,0.0062348
6.1522,-0.0065404,0.0063454,-0.0065373,0.0063562
6.163,-0.0060462,0.0069029,-0.0060429,0.0069152
6.1739,-0.0060361,0.0073552,-0.0060328,0.0073684
6.1848,-0.0060602,0.0077622,-0.0060567,0.0077762
6.1957,-0.0074309,0.0082641,-0.0074272,0.0082791
6.2,-0.006498,0.0084661,-0.0064943,0.0084815
6.2065,-0.0050976,0.0086149,-0.0050938,0.0086303
6.2174,-0.0058117,0.0087789,-0.0058077,0.0087939
6.2283,-0.0056481,0.0089774,-0.005644,0.0089923
6.2391,-0.0065048,0.0092241,-0.0065005,0.0092389
6.25,-0.0088451,0.0097559,-0.0088407,0.0097719
6.2609,-0.0094469,0.010513,-0.0094423,0.010531
6.2717,-0.0088892,0.011195,-0.0088844,0.011214
6.2826,-0.0097231,0.011835,-0.009718,0.011856
6.2935,-0.010237,0.012539,-0.010232,0.012561
6.3,-0.010341,0.012962,-0.010336,0.012985
6.3043,-0.010409,0.013235,-0.010404,0.013259
6.3152,-0.0093826,0.013776,-0.0093768,0.0138
6.3261,-0.0089218,0.014118,-0.0089157,0.014142
6.337,-0.0080655,0.014297,-0.0080591,0.01432
6.3478,-0.0072497,0.014297,-0.0072431,0.014319
6.35,-0.007339,0.014283,-0.0073323,0.014304
6.3587,-0.0076962,0.014263,-0.0076894,0.014284
6.3696,-0.0059599,0.014105,-0.0059529,0.014124
6.3804,-0.0051136,0.013716,-0.0051064,0.013732
6.3913,-0.0066746,0.01344,-0.0066672,0.013454
6.4,-0.0058725,0.013296,-0.005865,0.013309
6.4022,-0.0056722,0.013242,-0.0056647,0.013254
6.413,-0.0068766,0.013088,-0.006869,0.013098
6.4239,-0.0055676,0.012935,-0.0055599,0.012944
6.4348,-0.0052536,0.012643,-0.0052457,0.012651
6.4457,-0.004904,0.012317,-0.0048961,0.012323
6.45,-0.0046148,0.012171,-0.0046069,0.012177
6.4565,-0.0041822,0.011921,-0.0041743,0.011925
6.4674,-0.0029828,0.01138,-0.0029748,0.011382
6.4783,-0.0032884,0.010811,-0.0032804,0.010811
6.4891,-0.0040315,0.010403,-0.0040235,0.010401
6.5,-0.0025213,0.0099589,-0.0025133,0.0099555
6.5109,-0.0016624,0.0093334,-0.0016544,0.0093279
6.5217,-0.0034937,0.0088709,-0.0034859,0.008864
6.5326,-0.0033958,0.0086197,-0.0033881,0.0086124
6.5435,-0.0034555,0.0083911,-0.0034478,0.0083834
6.55,-0.0040087,0.0083019,-0.004001,0.0082942
6.5543,-0.0043777,0.0082821,-0.0043701,0.0082746
6.5652,-0.0049481,0.0083276,-0.0049405,0.0083208
6.5761,-0.0041258,0.0083416,-0.0041183,0.0083354
6.587,-0.0017889,0.0080472,-0.0017815,0.0080403
6.5978,-0.00058732,0.0074442,-0.00058001,0.0074354
6.6,-0.00069891,0.0073098,-0.00069162,0.0073006
6.6087,-0.001148,0.0068447,-0.0011407,0.0068341
6.6196,-0.0013267,0.0063775,-0.0013196,0.0063659
6.6304,-0.0016034,0.0060026,-0.0015965,0.0059903
6.6413,-0.001515,0.0056839,-0.0015082,0.0056712
6.65,-0.0016158,0.005454,-0.0016091,0.005441
6.6522,-0.0016413,0.0054021,-0.0016346,0.0053891
6.663,-0.0022533,0.0052213,-0.0022468,0.0052085
6.6739,-0.0024523,0.0051366,-0.0024459,0.0051243
6.6848,-0.0030176,0.0051349,-0.0030113,0.0051234
6.6957,-0.0016257,0.0050503,-0.0016196,0.0050393
6.7,-0.001349,0.0049535,-0.0013429,0.0049424
6.7065,-0.00093471,0.004775,-0.00092868,0.0047636
6.7174,-7.1821e-05,0.0043781,-6.5921e-05,0.0043658
6.7283,-0.00017057,0.0039501,-0.00016481,0.0039369
6.7391,-0.0004404,0.0036021,-0.00043479,0.0035884
6.75,0.000324,0.0032405,0.00032947,0.0032262
6.7609,-0.0010735,0.0029809,-0.0010682,0.0029666
6.7717,0.00083436,0.0026932,0.00083951,0.0026786
6.7826,0.0022109,0.0021197,0.0022159,0.0021037
6.7935,0.0041042,0.0012893,0.004109,0.001271
6.8,0.0041965,0.00071746,0.0042012,0.0006976
6.8043,0.0042561,0.00035048,0.0042607,0.00032964
6.8152,0.0050612,-0.00058484,0.0050656,-0.00060808
6.8261,0.0034453,-0.0013413,0.0034494,-0.0013661
6.837,0.0021828,-0.0017431,0.0021866,-0.0017679
6.8478,0.0020534,-0.0019713,0.002057,-0.0019954
6.85,0.0018191,-0.0020067,0.0018226,-0.0020307
6.8587,0.00088164,-0.0020488,0.00088493,-0.0020716
6.8696,0.00027143,-0.0019475,0.00027449,-0.0019685
6.8804,0.00045054,-0.0018166,0.00045338,-0.0018358
6.8913,0.00045234,-0.0017162,0.00045498,-0.0017338
6.9,0.0001182,-0.0016172,0.00012069,-0.0016335
6.9022,3.4818e-05,-0.0015854,3.7271e-05,-0.0016015
6.913,-0.0020381,-0.0012253,-0.0020358,-0.0012389
6.9239,-0.0026427,-0.00064684,-0.0026405,-0.00065735
6.9348,-0.0039284,5.5275e-05,-0.0039264,4.8158e-05
6.9457,-0.0038994,0.00080377,-0.0038974,0.0008
6.95,-0.004235,0.0010934,-0.004233,0.0010908
6.9565,-0.0047359,0.0015544,-0.0047339,0.0015538
6.9674,-0.003682,0.0022034,-0.00368,0.0022052
6.9783,-0.0037922,0.0026965,-0.0037901,0.0027001
6.9891,-0.0031609,0.0030873,-0.0031588,0.0030921
7,-0.0030151,0.0033637,-0.0030129,0.0033692
7.0109,-0.0024731,0.0035447,-0.0024709,0.0035504
7.0217,-0.0039168,0.0037973,-0.0039145,0.0038036
7.0326,-0.0032828,0.0040983,-0.0032805,0.0041053
7.0435,-0.0036533,0.0043447,-0.0036509,0.0043521
7.05,-0.0044504,0.0045491,-0.0044479,0.004557
7.0543,-0.0049809,0.0047309,-0.0049784,0.0047393
7.0652,-0.0046861,0.0051739,-0.0046835,0.0051834
7.0761,-0.0059843,0.0056708,-0.0059816,0.0056816
7.087,-0.0047017,0.0061133,-0.0046989,0.0061251
7.0978,-0.0058671,0.0065033,-0.0058642,0.0065158
7.1,-0.0057172,0.0065963,-0.0057142,0.006609
7.1087,-0.0051156,0.0068895,-0.0051125,0.0069027
7.1196,-0.0037226,0.0070282,-0.0037194,0.007041
7.1304,-0.003104,0.0069601,-0.0031006,0.0069717
7.1413,-0.0049807,0.0070246,-0.0049772,0.0070357
7.15,-0.0056278,0.0072661,-0.0056242,0.0072775
7.1522,-0.0057893,0.0073393,-0.0057857,0.0073509
7.163,-0.0044316,0.0075649,-0.0044278,0.0075766
7.1739,-0.0037887,0.0075757,-0.0037849,0.0075866
7.1848,-0.0022355,0.0073721,-0.0022315,0.0073816
7.1957,-0.0015148,0.006972,-0.0015107,0.0069792
7.2,-0.0010748,0.0067779,-0.0010707,0.0067841
7.2065,-0.00041655,0.0064371,-0.00041242,0.0064417
7.2174,0.00029928,0.0057833,0.00030344,0.005785
7.2283,-4.4604e-05,0.005163,-4.0441e-05,0.0051621
7.2391,0.000537,0.0045821,0.00054114,0.0045789
7.25,0.00086874,0.0039735,0.00087283,0.0039681
7.2609,0.0025778,0.0032286,0.0025818,0.0032206
7.2717,0.0034994,0.0023085,0.0035033,0.0022974
7.2826,0.0024005,0.0015038,0.0024043,0.0014903
7.2935,0.0037106,0.00075763,0.0037142,0.00074197
7.3,0.0038154,0.00026518,0.003819,0.00024817
7.3043,0.0038836,-5.2547e-05,0.003887,-7.0394e-05
7.3152,0.0042369,-0.0008302,0.0042402,-0.00084997
7.3261,0.004363,-0.0015734,0.004366,-0.0015949
7.337,0.0051921,-0.0023333,0.0051949,-0.0023564
7.3478,0.0057466,-0.0031476,0.0057491,-0.0031724
7.35,0.0055736,-0.0033076,0.0055761,-0.0033327
7.3587,0.0048786,-0.0038453,0.0048808,-0.0038713
7.3696,0.0036045,-0.0042639,0.0036065,-0.0042898
7.3804,0.0034969,-0.0045082,0.0034985,-0.0045335
7.3913,0.0046517,-0.0048305,0.0046531,-0.0048554
7.4,0.0057665,-0.0052406,0.0057677,-0.0052659
7.4022,0.0060446,-0.0053654,0.0060458,-0.0053909
7.413,0.0058022,-0.0059531,0.005803,-0.0059793
7.4239,0.0059723,-0.006474,0.0059729,-0.0065006
7.4348,0.0069471,-0.0070529,0.0069473,-0.0070802
7.4457,0.0066614,-0.0076363,0.0066614,-0.0076642
7.45,0.0065719,-0.0078376,0.0065717,-0.0078656
7.4565,0.0064359,-0.0081104,0.0064356,-0.0081384
7.4674,0.0064677,-0.0085173,0.006467,-0.0085452
7.4783,0.0063004,-0.0088689,0.0062994,-0.0088965
7.4891,0.0062587,-0.0091643,0.0062574,-0.0091914
7.5,0.006958,-0.0094939,0.0069564,-0.0095206
7.5109,0.0068802,-0.0098481,0.0068784,-0.0098745
7.5217,0.0072632,-0.010196,0.0072611,-0.010222
7.5326,0.0078882,-0.010605,0.0078858,-0.010632
7.5435,0.0053843,-0.010786,0.0053816,-0.010812
7.55,0.0053718,-0.01074,0.005369,-0.010764
7.5543,0.0053637,-0.010709,0.0053607,-0.010733
7.5652,0.005618,-0.010664,0.0056148,-0.010686
7.5761,0.007677,-0.010848,0.0076735,-0.01087
7.587,0.0082035,-0.011261,0.0081999,-0.011283
7.5978,0.0075277,-0.011614,0.0075238,-0.011636
7.6,0.0072691,-0.011662,0.0072652,-0.011684
7.6087,0.0062341,-0.01174,0.00623,-0.011761
7.6196,0.0076777,-0.011872,0.0076734,-0.011893
7.6304,0.007429,-0.012103,0.0074244,-0.012123
7.6413,0.0050105,-0.012049,0.0050057,-0.012068
7.65,0.0053302,-0.011851,0.0053253,-0.011868
7.6522,0.0054104,-0.011811,0.0054054,-0.011828
7.663,0.0047963,-0.011576,0.0047911,-0.011591
7.6739,0.0062761,-0.011451,0.0062708,-0.011465
7.6848,0.0062393,-0.011476,0.0062338,-0.011489
7.6957,0.0055173,-0.011424,0.0055117,-0.011437
7.7,0.0047132,-0.011345,0.0047075,-0.011356
7.7065,0.0035079,-0.011112,0.0035022,-0.011123
7.7174,0.0031163,-0.010604,0.0031105,-0.010612
7.7283,0.0014669,-0.0099491,0.001461,-0.009954
7.7391,-0.00026049,-0.0090363,-0.00026643,-0.0090374
7.75,0.0011974,-0.0081972,0.0011915,-0.0081951
7.7609,0.0011035,-0.0075734,0.0010976,-0.0075691
7.7717,0.00013293,-0.0069098,0.0001271,-0.0069033
7.7826,0.00042283,-0.0062512,0.00041708,-0.0062427
7.7935,0.00017657,-0.0056639,0.00017092,-0.0056537
7.8,0.00079728,-0.0053638,0.0007917,-0.0053529
7.8043,0.001212,-0.0052154,0.0012065,-0.0052043
7.8152,-0.00095631,-0.0046984,-0.00096171,-0.0046861
7.8261,-0.00018715,-0.004105,-0.00019241,-0.0040913
7.837,0.00061934,-0.0037247,0.00061423,-0.0037105
7.8478,0.00074459,-0.0034722,0.00073963,-0.0034581
7.85,0.00070345,-0.0034266,0.00069852,-0.0034125
7.8587,0.0005399,-0.0032376,0.00053509,-0.0032235
7.8696,-0.00019704,-0.0029354,-0.00020169,-0.0029212
7.8804,-0.0005725,-0.0025579,-0.000577,-0.0025432
7.8913,-1.4097e-06,-0.0022398,-5.7433e-06,-0.0022249
7.9,-0.00018905,-0.002038,-0.00019325,-0.0020231
7.9022,-0.00023568,-0.0019856,-0.00023985,-0.0019707
7.913,-0.001252,-0.0016357,-0.001256,-0.0016205
7.9239,-0.001728,-0.001179,-0.0017319,-0.001163
7.9348,-0.001164,-0.00077975,-0.0011677,-0.00076327
7.9457,-0.00051529,-0.00053865,-0.00051878,-0.00052235
7.95,-0.0010761,-0.00045221,-0.0010796,-0.00043601
7.9565,-0.0019165,-0.00024634,-0.0019198,-0.00022997
7.9674,-0.0022127,0.00017746,-0.0022159,0.00019442
7.9783,-0.0019658,0.00056135,-0.0019687,0.00057871
7.9891,-0.0016014,0.00084655,-0.0016042,0.00086388
8,-0.0019817,0.0011052,-0.0019843,0.0011224
8.0109,-0.00041806,0.0012197,-0.00042044,0.0012362
8.0217,-0.0009752,0.0012291,-0.0009774,0.0012446
8.0326,-0.0012673,0.001319,-0.0012693,0.0013338
8.0435,-0.0010486,0.0014057,-0.0010505,0.00142
8.05,-0.00064032,0.0014163,-0.00064211,0.0014301
8.0543,-0.00036817,0.0013961,-0.0003699,0.0014094
8.0652,-0.0008501,0.0013703,-0.00085169,0.0013827
8.0761,-0.00056805,0.0013652,-0.00056951,0.0013767
8.087,-0.0014998,0.0014252,-0.0015012,0.0014363
8.0978,-0.0014036,0.0015579,-0.0014049,0.0015688
8.1,-0.0011748,0.0015762,-0.001176,0.001587
8.1087,-0.0002592,0.0015554,-0.0002603,0.0015657
8.1196,0.00053015,0.0013675,0.00052915,0.0013764
8.1304,0.00064922,0.0011126,0.00064831,0.00112
8.1413,0.0030712,0.00063519,0.0030703,0.00064019
8.15,0.0028106,0.00012428,0.0028097,0.00012701
8.1522,0.0027447,9.8606e-06,0.0027439,1.2093e-05
8.163,0.0019486,-0.00044199,0.0019478,-0.00044164
8.1739,0.0021374,-0.00079045,0.0021366,-0.00079144
8.1848,0.0015697,-0.0010651,0.0015689,-0.0010671
8.1957,0.001238,-0.0012253,0.0012372,-0.0012277
8.2,0.0015877,-0.0012856,0.0015868,-0.0012882
8.2065,0.0021115,-0.0014232,0.0021107,-0.0014261
8.2174,0.00010366,-0.0014863,0.00010276,-0.0014893
8.2283,0.001192,-0.0014598,0.0011911,-0.0014624
8.2391,-0.0020445,-0.0012215,-0.0020455,-0.0012229
8.25,-0.0027287,-0.00063436,-0.0027297,-0.00063327
8.2609,-0.00092078,-0.00022045,-0.00092171,-0.00021773
8.2717,-0.0010079,-1.1722e-05,-0.0010088,-8.3072e-06
8.2826,-0.0018433,0.00026568,-0.0018442,0.00027002
8.2935,-0.00093655,0.00050455,-0.00093735,0.0005096
8.3,-0.00072073,0.0005704,-0.0007215,0.00057554
8.3043,-0.00057665,0.0005977,-0.0005774,0.00060282
8.3152,-0.00040292,0.00063014,-0.00040361,0.0006351
8.3261,-0.000131,0.00061613,-0.00013164,0.00062074
8.337,0.00024977,0.00054048,0.00024917,0.00054452
8.3478,0.0016669,0.00029758,0.0016664,0.00030042
8.35,0.0017617,0.00022219,0.0017611,0.00022469
8.3587,0.0021389,-0.00010065,0.0021384,-9.9552e-05
8.3696,0.0060393,-0.0008851,0.0060388,-0.00088718
8.3804,0.0068156,-0.0020338,0.006815,-0.0020403
8.3913,0.0082741,-0.0032805,0.0082734,-0.0032916
8.4,0.0073228,-0.004221,0.007322,-0.0042352
8.4022,0.0070838,-0.0044199,0.0070829,-0.0044347
8.413,0.0072442,-0.0053449,0.0072432,-0.0053624
8.4239,0.0068228,-0.0061484,0.0068216,-0.0061679
8.4348,0.006862,-0.006833,0.0068606,-0.0068539
8.4457,0.0062077,-0.0073865,0.006206,-0.0074082
8.45,0.0058328,-0.0075509,0.005831,-0.0075727
8.4565,0.0052693,-0.0077289,0.0052674,-0.0077505
8.4674,0.0066114,-0.008079,0.0066093,-0.0081005
8.4783,0.0078477,-0.0086412,0.0078454,-0.0086636
8.4891,0.0078785,-0.0092653,0.0078759,-0.0092888
8.5,0.0080103,-0.009841,0.0080074,-0.0098652
8.5109,0.0088096,-0.010448,0.0088065,-0.010473
8.5217,0.0093845,-0.011125,0.0093811,-0.011151
8.5326,0.008756,-0.011724,0.0087523,-0.011751
8.5435,0.0061516,-0.011947,0.0061476,-0.011973
8.55,0.0059307,-0.011905,0.0059266,-0.01193
8.5543,0.0057836,-0.011864,0.0057794,-0.011888
8.5652,0.0042984,-0.01161,0.0042939,-0.011631
8.5761,0.0035731,-0.01117,0.0035684,-0.011188
8.587,0.0075646,-0.011098,0.0075597,-0.011115
8.5978,0.0064523,-0.011302,0.0064472,-0.011319
8.6,0.0061411,-0.011312,0.0061359,-0.011328
8.6087,0.0048964,-0.011227,0.0048911,-0.011243
8.6196,0.0048164,-0.011005,0.004811,-0.011019
8.6304,0.0027517,-0.010596,0.0027461,-0.010607
8.6413,0.0016811,-0.0099283,0.0016755,-0.0099362
8.65,0.0019681,-0.009385,0.0019623,-0.0093904
8.6522,0.0020405,-0.0092636,0.0020348,-0.0092685
8.663,0.0023097,-0.0087279,0.002304,-0.0087304
8.6739,0.0031508,-0.0083555,0.003145,-0.0083564
8.6848,0.0011935,-0.007909,0.0011877,-0.0079082
8.6957,0.002684,-0.0074695,0.0026782,-0.0074672
8.7,0.0029279,-0.0073748,0.0029222,-0.0073721
8.7065,0.0032945,-0.0072763,0.0032888,-0.0072735
8.7174,0.0054626,-0.0073735,0.0054568,-0.0073714
8.7283,0.0046035,-0.0075815,0.0045978,-0.0075804
8.7391,0.003853,-0.0076132,0.0038473,-0.0076124
8.75,0.0024232,-0.0074303,0.0024175,-0.0074289
8.7609,0.0024268,-0.0071314,0.0024212,-0.0071289
8.7717,0.00014014,-0.0066393,0.00013451,-0.0066351
8.7826,0.00066723,-0.0060333,0.00066166,-0.0060271
8.7935,0.00022201,-0.005496,0.00021651,-0.0054881
8.8,3.6545e-05,-0.0051637,3.1103e-05,-0.0051549
8.8043,-8.5891e-05,-0.0049418,-9.1294e-05,-0.0049323
8.8152,-8.2913e-05,-0.0044159,-8.8205e-05,-0.004405
8.8261,0.00061809,-0.0040133,0.00061293,-0.0040015
8.837,-0.0011945,-0.0035407,-0.0011995,-0.0035279
8.8478,-0.00090207,-0.002974,-0.00090696,-0.0029599
8.85,-0.00086572,-0.0028744,-0.00087058,-0.0028601
8.8587,-0.00071828,-0.0025115,-0.00072301,-0.0024965
8.8696,-0.0013943,-0.0020478,-0.0013989,-0.0020319
8.8804,-0.0017067,-0.0015372,-0.0017111,-0.0015204
8.8913,-0.0030622,-0.00091681,-0.0030664,-0.00089867
8.9,-0.0029068,-0.00037549,-0.0029109,-0.00035616
8.9022,-0.0028673,-0.00025126,-0.0028713,-0.00023168
8.913,-0.0039163,0.00043012,-0.00392,0.00045111
8.9239,-0.0040676,0.0011553,-0.0040711,0.0011778
8.9348,-0.0052387,0.0019349,-0.005242,0.0019591
8.9457,-0.0052783,0.0027488,-0.0052813,0.0027746
8.95,-0.0058901,0.0030764,-0.005893,0.0031028
8.9565,-0.006805,0.0036323,-0.0068077,0.0036599
8.9674,-0.0071325,0.0046012,-0.0071349,0.0046309
8.9783,-0.0058639,0.0053767,-0.0058659,0.0054076
8.9891,-0.005255,0.0058925,-0.0052567,0.0059234
9,-0.0047476,0.0062477,-0.004749,0.0062781
9.0109,-0.0049909,0.0065422,-0.004992,0.0065718
9.0217,-0.0036569,0.0066984,-0.0036576,0.0067268
9.0326,-0.0025439,0.0066032,-0.0025443,0.0066293
9.0435,-0.0012157,0.0062821,-0.0012159,0.0063054
9.05,-0.0012689,0.0060318,-0.0012689,0.0060531
9.0543,-0.0013052,0.0058773,-0.0013051,0.0058975
9.0652,-0.00040643,0.0054345,-0.00040619,0.0054518
9.0761,0.001126,0.0048021,0.0011264,0.0048157
9.087,0.00093613,0.0041085,0.00093667,0.0041186
9.0978,0.00022935,0.0035737,0.00022999,0.0035811
9.1,0.00046909,0.0034827,0.00046973,0.0034897
9.1087,0.0014258,0.0030436,0.0014265,0.0030485
9.1196,0.001995,0.0023991,0.0019957,0.0024013
9.1304,0.0022861,0.0017387,0.0022868,0.0017382
9.1413,0.0010743,0.0012377,0.001075,0.0012354
9.15,0.00084151,0.00098549,0.00084222,0.00098242
9.1522,0.000783,0.0009316,0.0007837,0.00092837
9.163,0.0018355,0.00058137,0.0018362,0.00057708
9.1739,0.0014007,0.00021034,0.0014013,0.00020498
9.1848,0.0017279,-0.00011338,0.0017285,-0.00011957
9.1957,0.0018521,-0.00044686,0.0018525,-0.00045385
9.2,0.0021964,-0.00058905,0.0021968,-0.00059639
9.2065,0.0027115,-0.000842,0.0027119,-0.00085002
9.2174,0.0014411,-0.0011531,0.0014414,-0.0011617
9.2283,0.0024971,-0.0014155,0.0024973,-0.0014245
9.2391,0.0028864,-0.0017889,0.0028865,-0.0017987
9.25,0.0029584,-0.0021677,0.0029584,-0.0021783
9.2609,0.0031275,-0.0025309,0.0031274,-0.0025422
9.2717,0.0020681,-0.0027687,0.0020679,-0.0027801
9.2826,0.0019353,-0.0028686,0.0019349,-0.0028796
9.2935,0.0012986,-0.0028833,0.0012982,-0.0028936
9.3,0.0015872,-0.0028717,0.0015866,-0.0028814
9.3043,0.0017795,-0.0028834,0.001779,-0.0028929
9.3152,0.0012817,-0.0028801,0.001281,-0.002889
9.3261,0.0026096,-0.0029604,0.0026088,-0.0029689
9.337,0.0028648,-0.003183,0.0028639,-0.0031919
9.3478,0.0029717,-0.0034173,0.0029707,-0.0034265
9.35,0.0027962,-0.0034598,0.0027952,-0.003469
9.3587,0.0020935,-0.0035514,0.0020924,-0.0035605
9.3696,0.0034332,-0.00372,0.003432,-0.0037292
9.3804,0.0046093,-0.0041134,0.004608,-0.0041235
9.3913,0.00453,-0.0045697,0.0045286,-0.0045809
9.4,0.0048081,-0.0049165,0.0048066,-0.0049285
9.4022,0.0048772,-0.0050054,0.0048757,-0.0050177
9.413,0.0071587,-0.0056529,0.0071571,-0.005667
9.4239,0.0070129,-0.0064352,0.007011,-0.0064514
9.4348,0.0064764,-0.0070703,0.0064744,-0.0070881
9.4457,0.0059922,-0.0075417,0.0059899,-0.0075602
9.45,0.0066704,-0.0077246,0.0066681,-0.0077433
9.4565,0.0076861,-0.0080849,0.0076837,-0.0081043
9.4674,0.0078143,-0.0087448,0.0078117,-0.0087657
9.4783,0.0079988,-0.009367,0.0079959,-0.0093889
9.4891,0.0083488,-0.0099767,0.0083456,-0.0099997
9.5,0.0086623,-0.010587,0.0086589,-0.010611
9.5109,0.006576,-0.01096,0.0065724,-0.010984
9.5217,0.0049001,-0.010933,0.0048962,-0.010955
9.5326,0.0044703,-0.010707,0.0044662,-0.010727
9.5435,0.0046957,-0.010487,0.0046914,-0.010505
9.55,0.0044066,-0.010361,0.0044022,-0.010378
9.5543,0.0042144,-0.010263,0.0042099,-0.010279
9.5652,0.0032771,-0.0099248,0.0032724,-0.0099383
9.5761,0.0015049,-0.0093589,0.0015001,-0.0093694
9.587,0.0016525,-0.0086982,0.0016476,-0.0087055
9.5978,0.004124,-0.0083621,0.004119,-0.0083676
9.6,0.0041186,-0.0083479,0.0041136,-0.0083533
9.6087,0.0040972,-0.0082919,0.0040922,-0.0082968
9.6196,0.0025944,-0.0080789,0.0025893,-0.0080828
9.6304,0.002408,-0.0077274,0.0024029,-0.0077297
9.6413,0.002144,-0.0073686,0.0021389,-0.0073695
9.65,0.002374,-0.0071065,0.0023689,-0.0071063
9.6522,0.0024319,-0.0070501,0.0024268,-0.0070498
9.663,0.0036536,-0.0069116,0.0036485,-0.0069108
9.6739,0.0037348,-0.0069108,0.0037297,-0.0069102
9.6848,0.0041731,-0.0069609,0.004168,-0.0069606
9.6957,0.0039087,-0.0070213,0.0039036,-0.0070213
9.7,0.0036696,-0.0070237,0.0036645,-0.0070238
9.7065,0.0033111,-0.0069918,0.003306,-0.0069918
9.7174,0.0024164,-0.0068211,0.0024113,-0.0068205
9.7283,0.003888,-0.0067277,0.0038829,-0.0067268
9.7391,0.0048052,-0.0068731,0.0048001,-0.006873
9.75,0.0039812,-0.0070095,0.0039761,-0.0070099
9.7609,0.0026091,-0.0069192,0.0026041,-0.0069194
9.7717,0.0042967,-0.006874,0.0042916,-0.006874
9.7826,0.0028139,-0.0068476,0.0028088,-0.0068476
9.7935,0.0024532,-0.0066483,0.0024481,-0.0066476
9.8,0.0022037,-0.006503,0.0021986,-0.0065017
9.8043,0.0020379,-0.0063947,0.0020328,-0.0063931
9.8152,0.0026512,-0.0061881,0.0026461,-0.0061858
9.8261,0.0035174,-0.0061459,0.0035123,-0.0061436
9.837,0.0040721,-0.0062443,0.0040671,-0.0062426
9.8478,0.002942,-0.0062742,0.002937,-0.0062728
9.85,0.0030777,-0.0062602,0.0030727,-0.0062588
9.8587,0.0036206,-0.0062607,0.0036157,-0.0062594
9.8696,0.002659,-0.0062184,0.002654,-0.0062171
9.8804,0.0024704,-0.006071,0.0024655,-0.0060692
9.8913,0.0038981,-0.0060611,0.0038931,-0.0060594
9.9,0.0043194,-0.0061964,0.0043145,-0.0061954
9.9022,0.0044245,-0.0062389,0.0044196,-0.0062381
9.913,0.0032136,-0.0063293,0.0032087,-0.006329
9.9239,0.0036707,-0.0063407,0.0036658,-0.0063405
9.9348,0.0042701,-0.006453,0.0042652,-0.0064532
9.9457,0.0032102,-0.0065064,0.0032053,-0.0065069
9.95,0.0031173,-0.0064811,0.0031124,-0.0064814
9.9565,0.0029783,-0.0064313,0.0029734,-0.0064315
9.9674,0.0038302,-0.0064256,0.0038253,-0.0064258
9.9783,0.0049511,-0.006611,0.0049462,-0.0066119
9.9891,0.0045748,-0.0068465,0.0045698,-0.0068483
10,0.005409,-0.0071038,0.005404,-0.0071066
