0,0.19635,0,0.3927,0
3.0521e-05,0.19635,0.00010191,0.3927,0.00020095
0.00018313,0.19636,0.00061148,0.39271,0.0012057
0.00094616,0.19638,0.0031595,0.39273,0.0062297
0.0026037,0.19645,0.008696,0.39281,0.017145
0.0029044,0.19646,0.0097006,0.39283,0.019125
0.0032052,0.19648,0.0097486,0.39284,0.019275
0.0034678,0.19649,0.0088082,0.39286,0.017526
0.004781,0.19654,0.0041068,0.39292,0.008783
0.01087,0.19671,-0.017677,0.39306,-0.03174
0.021739,0.19879,-0.056344,0.39481,-0.10386
0.032609,0.19708,-0.094974,0.39239,-0.17606
0.043478,0.19717,-0.13376,0.39142,-0.24863
0.05,0.19635,-0.15708,0.38978,-0.29235
0.054348,0.19572,-0.16714,0.38855,-0.3114
0.061525,0.19421,-0.18171,0.38595,-0.33912
0.065217,0.19338,-0.18939,0.38453,-0.35373
0.076087,0.19024,-0.21238,0.37949,-0.39739
0.086957,0.18795,-0.23589,0.37507,-0.44205
0.097826,0.18586,-0.25982,0.37062,-0.48764
0.1,0.18534,-0.26466,0.36961,-0.49688
0.1087,0.18322,-0.26333,0.36544,-0.49645
0.11957,0.18088,-0.26865,0.36054,-0.5087
0.13043,0.17843,-0.2782,0.35542,-0.52878
0.1413,0.17521,-0.28828,0.34942,-0.54998
0.15,0.17371,-0.2967,0.3456,-0.56773
0.15217,0.17332,-0.2977,0.34463,-0.56992
0.15727,0.17155,-0.29914,0.34146,-0.57317
0.16304,0.16953,-0.30092,0.33786,-0.57713
0.17391,0.16403,-0.30498,0.32932,-0.58578
0.18478,0.15907,-0.31002,0.32129,-0.59606
0.19565,0.15756,-0.31567,0.31664,-0.60758
0.2,0.156,-0.31805,0.31381,-0.61248
0.20652,0.15366,-0.31618,0.30954,-0.60996
0.21739,0.14925,-0.31333,0.30194,-0.6062
0.22826,0.14497,-0.31196,0.29449,-0.60512
0.23913,0.14081,-0.31138,0.28713,-0.60546
0.25,0.13692,-0.31155,0.28004,-0.6072
0.26087,0.13305,-0.30472,0.27297,-0.59613
0.27174,0.12955,-0.2992,0.26632,-0.58749
0.28261,0.12788,-0.2946,0.26153,-0.58074
0.29348,0.12477,-0.29044,0.25532,-0.57503
0.3,0.12369,-0.28818,0.25238,-0.57213
0.30435,0.12297,-0.28589,0.25044,-0.56814
0.31522,0.1207,-0.27993,0.24512,-0.55752
0.32609,0.11804,-0.27447,0.23947,-0.54807
0.33696,0.11447,-0.2696,0.23294,-0.53976
0.34783,0.11108,-0.26538,0.22664,-0.53267
0.35,0.11046,-0.26461,0.22543,-0.53139
0.3587,0.10798,-0.25835,0.22066,-0.51883
0.36957,0.1039,-0.25222,0.21378,-0.50672
0.38043,0.10342,-0.24712,0.21056,-0.49697
0.3913,0.10179,-0.24222,0.20624,-0.48794
0.4,0.099139,-0.23862,0.20146,-0.48139
0.40217,0.09848,-0.23755,0.20027,-0.47931
0.40908,0.096205,-0.23407,0.19634,-0.47235
0.41304,0.094908,-0.23219,0.19411,-0.46856
0.42391,0.092253,-0.22739,0.18891,-0.45884
0.43478,0.090592,-0.223,0.18476,-0.45
0.44565,0.087909,-0.21901,0.17963,-0.44204
0.45,0.086423,-0.21757,0.17717,-0.43914
0.45652,0.084209,-0.21398,0.17353,-0.43214
0.46739,0.080964,-0.20838,0.16794,-0.42115
0.47826,0.078696,-0.2035,0.16339,-0.41146
0.48913,0.077722,-0.19891,0.16018,-0.40249
0.5,0.075532,-0.19462,0.15579,-0.39424
0.51087,0.074408,-0.18863,0.15253,-0.38273
0.52174,0.071844,-0.18313,0.14788,-0.37229
0.53261,0.069853,-0.17818,0.14386,-0.36287
0.54348,0.068087,-0.17357,0.14011,-0.35419
0.55,0.065938,-0.17103,0.13679,-0.34937
0.55435,0.064515,-0.16908,0.1346,-0.34554
0.56522,0.060335,-0.16451,0.12852,-0.33624
0.57609,0.058986,-0.16047,0.12533,-0.32785
0.58696,0.057103,-0.15673,0.12165,-0.32011
0.59783,0.056635,-0.15321,0.11943,-0.31292
0.6,0.056289,-0.15252,0.11874,-0.31153
0.6087,0.054927,-0.14759,0.11601,-0.3024
0.61957,0.052939,-0.14246,0.11236,-0.29278
0.63043,0.050857,-0.13812,0.10867,-0.28455
0.6413,0.050057,-0.13406,0.1063,-0.27689
0.65,0.049324,-0.13092,0.10433,-0.27108
0.65217,0.049145,-0.1301,0.10385,-0.26949
0.66087,0.048745,-0.12678,0.10225,-0.26306
0.66304,0.04865,-0.12596,0.10186,-0.26149
0.67391,0.049344,-0.1218,0.1011,-0.25373
0.68478,0.048679,-0.11765,0.099021,-0.24624
0.69565,0.045637,-0.11383,0.094598,-0.23936
0.7,0.045201,-0.11243,0.093618,-0.23681
0.70652,0.044557,-0.11065,0.09217,-0.23284
0.71739,0.044934,-0.10772,0.091239,-0.22643
0.72826,0.04274,-0.10493,0.087772,-0.22046
0.73913,0.041588,-0.10245,0.08538,-0.21504
0.75,0.038924,-0.10032,0.081507,-0.21021
0.76087,0.03824,-0.097207,0.079647,-0.20379
0.77174,0.036697,-0.0944,0.076962,-0.19797
0.78261,0.034061,-0.092057,0.073215,-0.19287
0.79348,0.033656,-0.089996,0.071728,-0.18826
0.8,0.034405,-0.088741,0.071841,-0.18557
0.80435,0.034909,-0.087693,0.071927,-0.18341
0.81522,0.034643,-0.084953,0.070635,-0.17791
0.82609,0.033551,-0.08235,0.068547,-0.17274
0.83696,0.035894,-0.07963,0.069921,-0.16765
0.84783,0.034346,-0.076836,0.067428,-0.16266
0.85,0.034412,-0.076305,0.067308,-0.16171
0.8587,0.034681,-0.075949,0.066843,-0.15905
0.86957,0.034658,-0.074918,0.065931,-0.15551
0.88043,0.03464,-0.073566,0.06505,-0.15195
0.8913,0.033929,-0.072283,0.063498,-0.14861
0.9,0.032174,-0.07144,0.061086,-0.14623
0.90217,0.031736,-0.071221,0.060486,-0.14559
0.91177,0.03168,-0.070212,0.059725,-0.14268
0.91304,0.031673,-0.070078,0.059626,-0.1423
0.91942,0.031369,-0.069426,0.058866,-0.14045
0.92391,0.031157,-0.068987,0.058336,-0.1392
0.93478,0.028946,-0.068149,0.055372,-0.13651
0.94565,0.031144,-0.067313,0.056837,-0.13395
0.95,0.031513,-0.066882,0.056918,-0.13287
0.95652,0.03207,-0.066333,0.057048,-0.13113
0.96739,0.031414,-0.065437,0.055698,-0.12834
0.97826,0.029533,-0.06476,0.053143,-0.12593
0.98913,0.028205,-0.064381,0.051158,-0.12394
1,0.027206,-0.064218,0.049521,-0.12229
1.0109,0.026526,-0.062606,0.048219,-0.1189
1.0217,0.024981,-0.061329,0.046071,-0.116
1.0326,0.023415,-0.060432,0.043918,-0.11361
1.0435,0.022253,-0.059789,0.042186,-0.11159
1.05,0.021316,-0.059521,0.040914,-0.11054
1.0543,0.020692,-0.058812,0.04007,-0.10923
1.0652,0.021301,-0.056696,0.040139,-0.10564
1.0761,0.01977,-0.054698,0.038083,-0.10227
1.087,0.019862,-0.052835,0.037666,-0.09913
1.0978,0.021569,-0.050804,0.038876,-0.095916
1.1,0.021266,-0.050372,0.038475,-0.095258
1.1087,0.020061,-0.050047,0.036884,-0.09372
1.1196,0.020067,-0.049347,0.036423,-0.091693
1.1304,0.018916,-0.04852,0.034818,-0.089688
1.1413,0.018163,-0.04787,0.033624,-0.087944
1.15,0.016622,-0.047521,0.031738,-0.086779
1.1522,0.016237,-0.047253,0.031268,-0.086286
1.1595,0.017144,-0.046048,0.031892,-0.084305
1.163,0.017588,-0.045417,0.0322,-0.083309
1.1739,0.017227,-0.04348,0.031433,-0.080306
1.1848,0.016652,-0.04163,0.030464,-0.077466
1.1957,0.016241,-0.039872,0.029669,-0.07479
1.2,0.016016,-0.039192,0.029293,-0.073763
1.2065,0.015683,-0.038618,0.028736,-0.072563
1.2174,0.014191,-0.037861,0.026881,-0.070807
1.2283,0.013683,-0.037239,0.02602,-0.069271
1.2391,0.014405,-0.036598,0.026398,-0.067779
1.25,0.016259,-0.035717,0.027918,-0.066111
1.2609,0.01597,-0.035238,0.027303,-0.064702
1.2717,0.013091,-0.035011,0.024108,-0.063622
1.2826,0.014223,-0.034914,0.024933,-0.062743
1.2935,0.013735,-0.034758,0.024148,-0.06186
1.3,0.014371,-0.034656,0.024608,-0.061349
1.3043,0.014795,-0.034344,0.024917,-0.060724
1.3152,0.015451,-0.033343,0.02529,-0.058948
1.3261,0.014977,-0.032338,0.024542,-0.057221
1.337,0.013793,-0.031486,0.023091,-0.0557
1.3478,0.01492,-0.03064,0.023958,-0.054233
1.35,0.014689,-0.030454,0.023676,-0.053928
1.3587,0.013766,-0.030565,0.022551,-0.053406
1.3696,0.012795,-0.030639,0.021336,-0.052785
1.3804,0.013522,-0.030596,0.021825,-0.052127
1.3913,0.013615,-0.030477,0.021687,-0.051435
1.4,0.012045,-0.030492,0.019938,-0.051023
1.4022,0.011653,-0.030383,0.019501,-0.050796
1.4101,0.011294,-0.029837,0.018983,-0.049813
1.413,0.011159,-0.02964,0.018788,-0.049455
1.4239,0.010714,-0.028978,0.018131,-0.048235
1.4348,0.010279,-0.028397,0.01749,-0.047137
1.4457,0.010372,-0.027848,0.017382,-0.046108
1.45,0.0096761,-0.027651,0.016606,-0.045729
1.4565,0.0086338,-0.027073,0.015447,-0.044821
1.4674,0.0079154,-0.026247,0.014539,-0.043471
1.4783,0.0061966,-0.025693,0.012636,-0.042436
1.4891,0.0067292,-0.025249,0.012989,-0.041546
1.5,0.0077179,-0.024664,0.013802,-0.040547
1.5109,0.0072643,-0.023523,0.013179,-0.038916
1.5217,0.0074151,-0.02245,0.013165,-0.037393
1.5326,0.0079098,-0.021346,0.013499,-0.035876
1.5435,0.008197,-0.020169,0.013631,-0.034314
1.55,0.0084415,-0.019433,0.013784,-0.033362
1.5543,0.0086067,-0.019208,0.013889,-0.032973
1.5652,0.0081945,-0.018834,0.013329,-0.032194
1.5761,0.0084369,-0.018459,0.013428,-0.031445
1.587,0.0069174,-0.018203,0.011769,-0.03084
1.5978,0.0072448,-0.018058,0.011961,-0.030373
1.6,0.0074624,-0.018019,0.012152,-0.030272
1.6087,0.0083348,-0.01748,0.012919,-0.0294
1.6196,0.0079645,-0.016855,0.012422,-0.02841
1.6304,0.0077948,-0.016334,0.012128,-0.027566
1.6413,0.0096523,-0.015656,0.013865,-0.026586
1.65,0.0093535,-0.014998,0.013472,-0.025703
1.6522,0.0092795,-0.014994,0.013375,-0.025637
1.66,0.0092967,-0.01519,0.01331,-0.025609
1.663,0.0093029,-0.015268,0.013284,-0.025604
1.6739,0.0099235,-0.01549,0.013794,-0.025537
1.6848,0.0088453,-0.015754,0.012608,-0.025534
1.6957,0.0089663,-0.016107,0.012624,-0.025641
1.7,0.0093754,-0.016229,0.012992,-0.025669
1.7065,0.0099886,-0.016276,0.013544,-0.025546
1.7174,0.010256,-0.016269,0.013712,-0.025265
1.7283,0.010297,-0.016242,0.013657,-0.024988
1.7391,0.0084354,-0.016384,0.011702,-0.024899
1.75,0.0070827,-0.016825,0.010258,-0.025127
1.7609,0.0047669,-0.016498,0.0078531,-0.024545
1.7717,0.0035472,-0.016588,0.0065472,-0.024402
1.7826,0.0037042,-0.016841,0.0066204,-0.024441
1.7935,0.0034498,-0.017102,0.0062845,-0.024505
1.8,0.00273,-0.017313,0.0055168,-0.024605
1.8043,0.0022503,-0.016923,0.0050056,-0.024127
1.8152,0.0045949,-0.015432,0.007273,-0.022419
1.8261,0.0038214,-0.013829,0.0064247,-0.020612
1.837,0.0037526,-0.012303,0.0062832,-0.018898
1.8478,0.0036301,-0.010796,0.00609,-0.017215
1.85,0.0036438,-0.010496,0.0060897,-0.016882
1.8587,0.0037009,-0.010746,0.006092,-0.016962
1.8696,0.0044926,-0.010523,0.0068173,-0.01655
1.8804,0.0020121,-0.010194,0.0042722,-0.016053
1.8913,0.00029694,-0.010256,0.0024942,-0.01596
1.9,-0.0012046,-0.010545,0.00094349,-0.016134
1.9022,-0.0015802,-0.010379,0.00055576,-0.015936
1.9092,-0.0013908,-0.0095289,0.00070684,-0.014978
1.913,-0.0012825,-0.0090394,0.000794,-0.014429
1.9239,-0.0013885,-0.0076715,0.0006303,-0.012905
1.9348,-0.0014838,-0.0063224,0.0004789,-0.01141
1.9457,-0.0014788,-0.0049816,0.00042932,-0.009934
1.95,-0.0010306,-0.0044284,0.0008561,-0.0093293
1.9565,-0.00035472,-0.0039897,0.0015003,-0.0088009
1.9674,-0.00078749,-0.0032671,0.0010161,-0.0079351
1.9783,-0.002525,-0.002692,-0.00077151,-0.0072291
1.9891,-0.0036525,-0.0023834,-0.0019476,-0.0067999
2,-0.0048765,-0.0022934,-0.003219,-0.0065992
2.0109,-0.0062981,-0.0009848,-0.0046867,-0.0051545
2.0217,-0.0062244,8.214e-05,-0.0046576,-0.0039633
2.0326,-0.0078533,0.00092098,-0.0063298,-0.003011
2.0435,-0.0081267,0.0015829,-0.0066454,-0.0022442
2.05,-0.0072678,0.0020128,-0.0058114,-0.0017551
2.0543,-0.0066933,0.0025052,-0.0052531,-0.0012172
2.0652,-0.0079646,0.0037612,-0.0065643,0.0001517
2.0761,-0.0083203,0.0048571,-0.0069586,0.0013522
2.087,-0.009304,0.0058286,-0.0079798,0.0024205
2.0978,-0.010433,0.0066035,-0.0091455,0.0032846
2.1,-0.010123,0.0067433,-0.0088429,0.0034413
2.1087,-0.0088786,0.0082081,-0.0076266,0.0049999
2.1196,-0.0094812,0.0098506,-0.0082634,0.006745
2.1304,-0.010658,0.011185,-0.0094734,0.0081702
2.1413,-0.011748,0.012309,-0.010596,0.0093774
2.15,-0.012285,0.013087,-0.011158,0.010218
2.1522,-0.012418,0.01329,-0.011297,0.010438
2.163,-0.012077,0.01437,-0.010987,0.011603
2.1739,-0.012829,0.015412,-0.011768,0.012725
2.1848,-0.011501,0.016508,-0.010469,0.013896
2.1957,-0.011596,0.017719,-0.010592,0.015176
2.2,-0.011398,0.018207,-0.010405,0.015691
2.2065,-0.011098,0.018408,-0.010121,0.015937
2.2174,-0.012192,0.018632,-0.011242,0.016232
2.2283,-0.012537,0.018789,-0.011613,0.016454
2.2391,-0.012011,0.018962,-0.011112,0.016687
2.25,-0.012692,0.019121,-0.011817,0.016902
2.2609,-0.013321,0.019626,-0.012469,0.017476
2.2717,-0.013229,0.020044,-0.012401,0.017956
2.2826,-0.013077,0.020458,-0.012271,0.018428
2.2935,-0.014233,0.020779,-0.013449,0.018802
2.3,-0.013983,0.020921,-0.013212,0.018973
2.3043,-0.013816,0.021132,-0.013054,0.019208
2.3152,-0.012237,0.021882,-0.011495,0.020016
2.3261,-0.010243,0.022959,-0.0095212,0.021149
2.337,-0.011725,0.024084,-0.011023,0.022325
2.3478,-0.0098387,0.025246,-0.0091548,0.023536
2.35,-0.0094426,0.025521,-0.0087624,0.02382
2.3587,-0.0078598,0.023765,-0.0071942,0.022102
2.3696,-0.0071894,0.022723,-0.0065417,0.021104
2.3804,-0.0078381,0.022225,-0.0072077,0.020647
2.3913,-0.0069346,0.02175,-0.0063212,0.02021
2.4,-0.0066215,0.021461,-0.0060214,0.01995
2.4022,-0.0065437,0.021302,-0.0059468,0.019798
2.4108,-0.0073582,0.020473,-0.0067742,0.019
2.413,-0.0075713,0.020236,-0.0069906,0.018772
2.4239,-0.0077674,0.019053,-0.0072024,0.017624
2.4348,-0.0079965,0.017829,-0.0074468,0.016433
2.4457,-0.0070741,0.016671,-0.0065395,0.015305
2.45,-0.0069565,0.016246,-0.0064278,0.014892
2.4565,-0.0067825,0.016057,-0.0062625,0.014727
2.4674,-0.0075757,0.015714,-0.00707,0.014423
2.4783,-0.0062011,0.015373,-0.0057091,0.014117
2.4891,-0.0048037,0.01529,-0.0043252,0.014069
2.5,-0.0045395,0.015362,-0.0040741,0.014172
2.5109,-0.00378,0.014551,-0.0033274,0.013395
2.5217,-0.0032664,0.013935,-0.0028262,0.012811
2.5326,-0.0030165,0.013447,-0.0025884,0.012352
2.5435,-0.0046829,0.012827,-0.0042665,0.011758
2.55,-0.0038696,0.012407,-0.0034601,0.011353
2.5543,-0.0033287,0.012197,-0.0029238,0.011156
2.5652,-0.0042663,0.011649,-0.0038726,0.010636
2.5761,-0.0044388,0.010996,-0.0040559,0.01001
2.587,-0.0035927,0.010405,-0.0032204,0.0094447
2.5978,-0.0022048,0.010023,-0.0018428,0.0090859
2.6,-0.0024865,0.0099669,-0.0021265,0.0090346
2.6087,-0.0036156,0.0092768,-0.0032637,0.0083679
2.6196,-0.003948,0.0083918,-0.0036058,0.0075081
2.6304,-0.0053679,0.0074091,-0.0050351,0.0065469
2.6413,-0.003987,0.0064228,-0.0036636,0.0055803
2.65,-0.0041214,0.0057264,-0.0038051,0.0048989
2.6522,-0.0041557,0.0057073,-0.0038413,0.0048848
2.66,-0.0046098,0.0058196,-0.0043016,0.0050159
2.663,-0.0047896,0.0058501,-0.004484,0.0050536
2.6739,-0.0069884,0.0057362,-0.0066913,0.0049631
2.6848,-0.008299,0.0052961,-0.0080101,0.0045434
2.6957,-0.008825,0.0046851,-0.0085442,0.0039507
2.7,-0.0081596,0.0044459,-0.007882,0.0037184
2.7065,-0.0071607,0.0052395,-0.0068878,0.0045291
2.7174,-0.007233,0.0067201,-0.0069677,0.006038
2.7283,-0.0075012,0.0080427,-0.0072432,0.0073865
2.7391,-0.0071882,0.0093694,-0.0069371,0.0087379
2.75,-0.0072432,0.01072,-0.0069989,0.010112
2.7609,-0.0069877,0.010886,-0.0067499,0.010296
2.7717,-0.0061767,0.011247,-0.0059452,0.010675
2.7826,-0.0059901,0.011768,-0.0057647,0.011214
2.7935,-0.0051765,0.012383,-0.0049571,0.011846
2.8,-0.0051877,0.012797,-0.0049718,0.012269
2.8043,-0.0051943,0.012734,-0.0049806,0.012212
2.8152,-0.0056729,0.012331,-0.0054649,0.011822
2.8261,-0.0044182,0.01202,-0.0042156,0.011523
2.837,-0.0039472,0.011869,-0.0037499,0.011384
2.8478,-0.0046813,0.011694,-0.0044892,0.01122
2.85,-0.0048384,0.011643,-0.0046474,0.01117
2.8587,-0.0054682,0.011364,-0.0052812,0.010904
2.8696,-0.0033651,0.011157,-0.0031831,0.01071
2.8804,-0.0028916,0.011192,-0.0027143,0.010757
2.8913,-0.0053276,0.011044,-0.0051551,0.01062
2.9,-0.0054828,0.010734,-0.0053139,0.010317
2.9022,-0.005522,0.010703,-0.005354,0.010288
2.912,-0.0044402,0.010736,-0.0042762,0.010333
2.913,-0.00432,0.010751,-0.0041564,0.010349
2.9185,-0.004068,0.010844,-0.0039066,0.010448
2.9239,-0.003815,0.010961,-0.0036557,0.010571
2.9348,-0.0043661,0.011167,-0.004211,0.010789
2.9457,-0.004009,0.011355,-0.003858,0.010987
2.95,-0.0048664,0.011411,-0.004717,0.011047
2.9565,-0.0061528,0.011182,-0.0060058,0.010824
2.9674,-0.0052898,0.010748,-0.0051466,0.010398
2.9783,-0.0041447,0.010524,-0.0040053,0.010182
2.9891,-0.0047226,0.010352,-0.0045868,0.010019
3,-0.0043536,0.010161,-0.0042214,0.0098349
3.0109,-0.0024982,0.010103,-0.0023695,0.009787
3.0217,-0.0028713,0.010189,-0.0027459,0.0098825
3.0326,-0.0020034,0.010325,-0.0018813,0.010028
3.0435,-0.0018096,0.010559,-0.0016907,0.010271
3.05,-0.0016138,0.010722,-0.0014968,0.010439
3.0543,-0.0014833,0.010471,-0.0013675,0.01019
3.0652,0.0013862,0.0099021,0.001499,0.0096275
3.0761,0.0030112,0.0097727,0.0031211,0.0095051
3.087,0.002251,0.0097236,0.002358,0.0094629
3.0978,0.0012698,0.0095126,0.001374,0.0092576
3.1,0.0010017,0.0094472,0.0011053,0.0091931
3.1087,-7.5799e-05,0.0079211,2.5633e-05,0.007668
3.1196,0.00049435,0.0063321,0.00059303,0.0060803
3.1304,0.0022742,0.0051717,0.0023702,0.004922
3.1413,0.0016506,0.0041188,0.0017438,0.0038712
3.15,0.0013417,0.0032071,0.0014329,0.0029604
3.1522,0.0012634,0.0030507,0.0013539,0.0028049
3.1611,0.002024,0.0025812,0.0021124,0.0023405
3.163,0.0021869,0.0024963,0.0022748,0.0022567
3.1727,0.0028476,0.00214,0.0029333,0.001906
3.1739,0.0029342,0.0021012,0.0030195,0.001868
3.1802,0.0035101,0.0019434,0.003594,0.0017139
3.1848,0.0039263,0.0018679,0.0040092,0.0016412
3.1957,0.0045958,0.001789,0.0046762,0.0015691
3.2,0.0045672,0.0017813,0.0046467,0.0015641
3.2065,0.0045226,0.0010844,0.0046007,0.00086882
3.2174,0.0041599,-0.00016129,0.0042357,-0.00037466
3.2283,0.0035502,-0.0014161,0.0036236,-0.0016278
3.2391,0.003545,-0.0027282,0.0036162,-0.0029389
3.25,0.0026731,-0.0041217,0.002742,-0.0043322
3.2609,0.0026828,-0.0039979,0.0027494,-0.0041995
3.2717,0.0020388,-0.0040599,0.0021033,-0.004254
3.2826,0.00093369,-0.0043757,0.00099607,-0.0045638
3.2935,0.0012606,-0.0047638,0.0013209,-0.0049467
3.3,0.0017562,-0.0049508,0.0018153,-0.0051306
3.3043,0.0020862,-0.0048973,0.0021446,-0.0050742
3.3152,0.0044687,-0.0044244,0.0045252,-0.0045929
3.3261,0.0056379,-0.0036296,0.0056927,-0.0037888
3.337,0.0042695,-0.0028534,0.0043226,-0.0030035
3.3478,0.0049665,-0.0021395,0.005018,-0.0022813
3.35,0.0045589,-0.0019914,0.0046101,-0.0021315
3.3587,0.0029262,-0.0034211,0.0029762,-0.003564
3.3696,0.0026563,-0.0047976,0.0027047,-0.0049422
3.3804,0.0024912,-0.005877,0.002538,-0.0060223
3.3913,0.0026457,-0.0069574,0.0026909,-0.0071036
3.4,0.0031049,-0.0077762,0.0031488,-0.0079231
3.4022,0.0032187,-0.007798,0.0032624,-0.007944
3.4098,0.0036128,-0.0076133,0.0036553,-0.0077546
3.413,0.003779,-0.0075172,0.0038211,-0.0076565
3.4239,0.0034017,-0.0072121,0.0034423,-0.0073448
3.4348,0.0040638,-0.0068805,0.004103,-0.0070068
3.4457,0.0039028,-0.0065023,0.0039406,-0.0066223
3.45,0.0036416,-0.0063668,0.0036789,-0.0064843
3.4565,0.0032503,-0.0064241,0.0032869,-0.0065394
3.4674,0.0029958,-0.006595,0.0030311,-0.0067071
3.4783,0.00096668,-0.0069514,0.0010008,-0.0070613
3.4891,0.0017405,-0.0074246,0.0017735,-0.007533
3.5,0.001716,-0.007828,0.0017478,-0.0079349
3.5109,0.0029648,-0.0070655,0.0029955,-0.0071653
3.5217,0.0027927,-0.0062865,0.0028223,-0.0063794
3.5326,0.00012971,-0.005831,0.00015834,-0.0059186
3.5435,0.001029,-0.0055396,0.0010567,-0.0056227
3.55,0.00098412,-0.005317,0.0010113,-0.0053974
3.5543,0.00095503,-0.0051675,0.00098186,-0.0052463
3.5652,0.0023838,-0.0046614,0.0024098,-0.0047359
3.5761,0.0027857,-0.0039853,0.002811,-0.0040549
3.587,0.0015432,-0.0033874,0.0015677,-0.0034526
3.5978,0.0004349,-0.0030081,0.00045869,-0.0030699
3.6,0.00051813,-0.0029512,0.00054179,-0.0030125
3.6087,0.0008521,-0.0027936,0.00087523,-0.0028533
3.6196,0.0017521,-0.0024502,0.0017746,-0.0025073
3.6304,0.0016125,-0.0020179,0.0016344,-0.0020722
3.6413,0.001465,-0.0016124,0.0014863,-0.0016639
3.65,0.0013007,-0.0013111,0.0013216,-0.0013607
3.6522,0.00126,-0.0013092,0.0012808,-0.0013586
3.6613,0.00050185,-0.0014743,0.00052217,-0.0015237
3.663,0.00036129,-0.0015186,0.00038152,-0.001568
3.6715,0.0012471,-0.0016859,0.0012669,-0.0017354
3.6739,0.0014952,-0.0017097,0.0015149,-0.0017591
3.6848,0.00096413,-0.0018447,0.00098329,-0.001894
3.6957,8.5549e-05,-0.0021108,0.00010417,-0.0021607
3.7,-0.00040309,-0.0022681,-0.00038468,-0.0023184
3.7065,-0.0011364,-0.0020971,-0.0011183,-0.0021459
3.7174,-4.6269e-05,-0.0017468,-2.8708e-05,-0.0017928
3.7283,-0.0006056,-0.0014037,-0.00058852,-0.0014471
3.7391,-0.0013692,-0.0011836,-0.0013526,-0.001225
3.75,-0.0018163,-0.0010761,-0.0018001,-0.0011161
3.7609,-0.0027223,-0.00060755,-0.0027065,-0.00064477
3.7717,-0.0030669,-0.00029397,-0.0030515,-0.00032913
3.7826,-0.0036069,-9.0399e-05,-0.0035919,-0.00012401
3.7935,-0.0042642,1.8429e-06,-0.0042496,-3.0749e-05
3.8,-0.0044347,1.1003e-05,-0.0044203,-2.1202e-05
3.8043,-0.0045479,0.00030362,-0.0045336,0.00027285
3.8152,-0.0036869,0.0012801,-0.0036729,0.0012539
3.8261,-0.005614,0.0021404,-0.0056003,0.0021182
3.837,-0.0055214,0.0028301,-0.0055079,0.0028112
3.8478,-0.0069133,0.0033991,-0.0069,0.0033829
3.85,-0.0076576,0.0034731,-0.0076443,0.0034574
3.8587,-0.010631,0.004655,-0.010618,0.0046433
3.8696,-0.010842,0.005471,-0.010829,0.0054621
3.8804,-0.010013,0.0061348,-0.01,0.0061282
3.8913,-0.0089618,0.0069735,-0.0089489,0.0069698
3.9,-0.0081997,0.0077793,-0.0081869,0.0077786
3.9022,-0.0080081,0.0079615,-0.0079953,0.0079613
3.913,-0.0075753,0.0088603,-0.0075624,0.0088626
3.9239,-0.0088132,0.009682,-0.0088003,0.0096864
3.9348,-0.007623,0.010499,-0.00761,0.010506
3.9457,-0.0086959,0.011327,-0.0086829,0.011336
3.95,-0.0087706,0.011616,-0.0087575,0.011625
3.9565,-0.0088805,0.011918,-0.0088673,0.011927
3.9674,-0.0087711,0.012412,-0.0087578,0.012422
3.9783,-0.009774,0.012838,-0.0097606,0.012848
3.9891,-0.010118,0.013139,-0.010105,0.013148
4,-0.011174,0.01331,-0.01116,0.013318
4.0109,-0.0088289,0.01447,-0.0088152,0.014481
4.0217,-0.0097762,0.015691,-0.0097624,0.015706
4.0326,-0.0097537,0.016776,-0.0097397,0.016795
4.0435,-0.010119,0.01783,-0.010105,0.017851
4.05,-0.010278,0.018433,-0.010263,0.018456
4.0543,-0.010382,0.018527,-0.010367,0.018549
4.0652,-0.010558,0.018558,-0.010544,0.018578
4.0761,-0.010174,0.018625,-0.010159,0.018643
4.087,-0.0090835,0.01883,-0.0090684,0.018846
4.0978,-0.011042,0.018954,-0.011027,0.018969
4.1,-0.010968,0.018944,-0.010953,0.018958
4.1087,-0.010672,0.019212,-0.010656,0.019227
4.1196,-0.01023,0.019528,-0.010215,0.019543
4.1304,-0.010705,0.01979,-0.010689,0.019804
4.1413,-0.012722,0.01982,-0.012707,0.019833
4.15,-0.010927,0.019828,-0.010911,0.019839
4.1522,-0.010479,0.019856,-0.010463,0.019867
4.163,-0.010917,0.019964,-0.010901,0.019974
4.1739,-0.00989,0.020125,-0.0098738,0.020135
4.1848,-0.0098189,0.020389,-0.0098026,0.020399
4.1957,-0.0088063,0.020754,-0.0087899,0.020764
4.2,-0.0088685,0.020935,-0.0088521,0.020945
4.2065,-0.0089618,0.020627,-0.0089453,0.020635
4.2174,-0.0088752,0.020075,-0.0088587,0.02008
4.2283,-0.0083358,0.019649,-0.0083192,0.019651
4.2391,-0.0077425,0.019329,-0.0077259,0.019329
4.25,-0.0068688,0.019145,-0.0068522,0.019143
4.2609,-0.0075058,0.018307,-0.0074892,0.018301
4.2717,-0.0067772,0.017531,-0.0067608,0.017522
4.2826,-0.0068723,0.016853,-0.0068559,0.016841
4.2935,-0.0084684,0.016017,-0.0084522,0.016002
4.3,-0.0084193,0.01543,-0.0084032,0.015412
4.3043,-0.0083881,0.015373,-0.0083721,0.015355
4.3152,-0.0073241,0.01553,-0.0073082,0.015514
4.3261,-0.0064764,0.015845,-0.0064607,0.015832
4.337,-0.0058743,0.016295,-0.0058587,0.016285
4.3478,-0.0051321,0.016871,-0.0051166,0.016864
4.35,-0.005072,0.017001,-0.0050566,0.016994
4.3587,-0.0048343,0.015592,-0.0048189,0.015579
4.3696,-0.0033505,0.014603,-0.0033353,0.014587
4.3804,-0.0018296,0.014246,-0.0018146,0.014229
4.3913,-0.0022833,0.013989,-0.0022685,0.01397
4.4,-0.002769,0.013712,-0.0027544,0.013693
4.4022,-0.0028909,0.013555,-0.0028763,0.013534
4.4111,-0.0031713,0.012751,-0.0031568,0.012729
4.413,-0.0032314,0.012575,-0.003217,0.012552
4.4225,-0.0035396,0.011665,-0.0035255,0.011639
4.4239,-0.0035856,0.011527,-0.0035715,0.011501
4.4309,-0.0044951,0.010782,-0.0044811,0.010753
4.4348,-0.0050098,0.010314,-0.004996,0.010284
4.4457,-0.0050945,0.0089603,-0.005081,0.0089262
4.45,-0.0049378,0.0084215,-0.0049244,0.0083856
4.4565,-0.004705,0.0085141,-0.0046919,0.0084802
4.4674,-0.0044753,0.0087713,-0.0044626,0.008741
4.4783,-0.002736,0.0091066,-0.0027235,0.0090801
4.4891,-0.0026071,0.0096157,-0.0025949,0.0095937
4.5,-0.0024736,0.010149,-0.0024616,0.010132
4.5109,-0.0020986,0.0094015,-0.0020868,0.0093818
4.5217,-0.0027989,0.008729,-0.0027874,0.0087075
4.5326,-0.0021455,0.0081279,-0.0021342,0.0081049
4.5435,-0.00055962,0.0077351,-0.00054857,0.0077114
4.55,8.6012e-05,0.0076238,9.6911e-05,0.0076002
4.5543,0.00051572,0.0073518,0.00052651,0.0073276
4.5652,0.0019412,0.0067036,0.0019517,0.0066783
4.5761,0.0020468,0.0062115,0.0020571,0.0061856
4.587,0.00081189,0.0056143,0.00082185,0.0055874
4.5978,-0.0010252,0.0047315,-0.0010155,0.0047023
4.6,-0.00092167,0.0045226,-0.00091208,0.0044928
4.6087,-0.00050949,0.0046917,-0.00050015,0.0046646
4.6196,0.00017921,0.004702,0.00018827,0.004677
4.6304,-0.00023719,0.0045633,-0.0002284,0.0045397
4.6413,-1.7911e-07,0.0044079,8.3663e-06,0.0043855
4.65,-0.00080309,0.0042416,-0.00079473,0.0042199
4.6522,-0.0010041,0.004179,-0.00099578,0.0041574
4.663,-0.0015491,0.0037929,-0.001541,0.003771
4.6739,-0.00012054,0.0034888,-0.00011271,0.0034668
4.6848,0.00069167,0.003393,0.00069926,0.0033719
4.6957,-0.0003461,0.0032763,-0.00033873,0.0032559
4.7,-0.00022513,0.0031955,-0.00021785,0.0031752
4.7065,-4.4457e-05,0.0030223,-3.7306e-05,0.003002
4.7174,-0.0022751,0.0025383,-0.0022682,0.0025173
4.7283,-0.0019445,0.0018859,-0.0019379,0.0018633
4.7391,-0.0015102,0.0013047,-0.0015038,0.0012807
4.75,-0.0025915,0.00066323,-0.0025853,0.00063772
4.7609,-0.0043504,0.0011435,-0.0043445,0.0011217
4.7717,-0.0031431,0.0014624,-0.0031374,0.0014435
4.7826,-0.0015469,0.001963,-0.0015414,0.0019477
4.7935,-0.0016795,0.0025996,-0.0016741,0.0025885
4.8,-0.0020066,0.002956,-0.0020013,0.0029472
4.8043,-0.0022238,0.0030161,-0.0022185,0.0030077
4.8152,-0.0035671,0.0029281,-0.0035619,0.0029198
4.8261,-0.0030366,0.0027736,-0.0030315,0.0027649
4.837,-0.0033935,0.0026353,-0.0033885,0.0026263
4.8478,-0.0048542,0.0023279,-0.0048493,0.0023179
4.85,-0.0049466,0.0022375,-0.0049418,0.0022272
4.8587,-0.0053139,0.0034604,-0.0053092,0.0034557
4.8696,-0.004545,0.0045179,-0.0045402,0.0045181
4.8804,-0.0047607,0.0053348,-0.0047559,0.0053388
4.8913,-0.0044713,0.0061585,-0.0044665,0.0061665
4.9,-0.0051124,0.0067914,-0.0051075,0.0068024
4.9022,-0.0052719,0.0068727,-0.005267,0.0068839
4.9116,-0.0056142,0.0070822,-0.0056091,0.0070934
4.913,-0.0056682,0.0071099,-0.0056631,0.007121
4.9205,-0.0049795,0.0072884,-0.0049743,0.0072995
4.9239,-0.0046601,0.0074007,-0.0046549,0.007412
4.9348,-0.0046801,0.0077835,-0.0046748,0.0077953
4.9457,-0.0039362,0.0082336,-0.0039307,0.0082462
4.95,-0.0036206,0.008453,-0.0036151,0.0084662
4.9565,-0.0031465,0.0083548,-0.0031409,0.0083668
4.9674,-0.002979,0.0082187,-0.0029733,0.008229
4.9783,-0.0020205,0.0082436,-0.0020147,0.0082528
4.9891,-0.0014924,0.0084067,-0.0014865,0.0084154
5,-0.0024396,0.0085308,-0.0024336,0.008539
5.0109,-0.0011943,0.0081404,-0.0011882,0.0081463
5.0217,-0.0017423,0.007858,-0.0017362,0.007862
5.0326,-0.0037492,0.0073688,-0.003743,0.0073701
5.0435,-0.0029793,0.0067647,-0.0029731,0.0067628
5.05,-0.0034175,0.0064207,-0.0034114,0.0064169
5.0543,-0.0037106,0.0063654,-0.0037045,0.0063613
5.0652,-0.0020107,0.0064766,-0.0020047,0.0064733
5.0761,-0.003465,0.0065993,-0.003459,0.0065966
5.087,-0.0054181,0.0064051,-0.0054121,0.0064018
5.0978,-0.0061616,0.0059601,-0.0061556,0.0059552
5.1,-0.006286,0.005855,-0.00628,0.0058496
5.1087,-0.0067818,0.006948,-0.0067758,0.0069475
5.1196,-0.0066708,0.0077885,-0.0066648,0.0077918
5.1304,-0.0057344,0.0084449,-0.0057284,0.0084513
5.1413,-0.0046626,0.0092881,-0.0046565,0.0092983
5.15,-0.0053665,0.0099901,-0.0053603,0.010003
5.1522,-0.0055417,0.010033,-0.0055354,0.010046
5.1604,-0.005597,0.010013,-0.0055906,0.010025
5.163,-0.0056144,0.010003,-0.005608,0.010015
5.1739,-0.0062945,0.0098978,-0.006288,0.0099085
5.1848,-0.0051977,0.0098313,-0.0051912,0.0098407
5.1957,-0.0038769,0.0099897,-0.0038702,0.0099987
5.2,-0.0036401,0.010111,-0.0036334,0.01012
5.2065,-0.0032849,0.0099017,-0.0032781,0.0099095
5.2174,-0.0047903,0.0094172,-0.0047834,0.0094223
5.2283,-0.0049058,0.0088325,-0.0048989,0.0088345
5.2391,-0.0038222,0.0083379,-0.0038153,0.0083371
5.25,-0.003642,0.0079608,-0.0036351,0.0079577
5.2609,-0.0036467,0.0078717,-0.0036398,0.0078686
5.2717,-0.0034342,0.0077804,-0.0034274,0.0077772
5.2826,-0.0020126,0.0078255,-0.0020058,0.0078227
5.2935,-0.0016837,0.0080334,-0.0016769,0.0080317
5.3,-0.0025573,0.0081278,-0.0025506,0.0081265
5.3043,-0.0031398,0.0079913,-0.0031331,0.0079895
5.3152,-0.0049241,0.0073444,-0.0049174,0.00734
5.3261,-0.0051282,0.0065209,-0.0051216,0.0065132
5.337,-0.0040441,0.0057792,-0.0040376,0.0057684
5.3478,-0.003452,0.0051934,-0.0034456,0.0051802
5.35,-0.0034265,0.0050877,-0.0034201,0.0050741
5.3587,-0.0033245,0.0055602,-0.0033182,0.0055499
5.3696,-0.0042766,0.0057936,-0.0042704,0.0057854
5.3804,-0.0035737,0.005844,-0.0035676,0.005837
5.3913,-0.0041602,0.0059052,-0.0041542,0.0058994
5.4,-0.0049135,0.0058545,-0.0049075,0.0058492
5.4022,-0.0051019,0.0058957,-0.0050959,0.0058907
5.4113,-0.0051308,0.0061643,-0.0051249,0.0061607
5.413,-0.0051361,0.0062159,-0.0051302,0.0062125
5.4218,-0.0056577,0.0064342,-0.0056518,0.0064319
5.4239,-0.005786,0.006476,-0.0057801,0.006474
5.4348,-0.0060036,0.0066555,-0.0059977,0.0066546
5.4457,-0.0046275,0.0069428,-0.0046216,0.0069433
5.45,-0.0049461,0.007097,-0.0049402,0.0070983
5.4565,-0.0054229,0.0072082,-0.005417,0.0072097
5.4674,-0.0068909,0.0072073,-0.006885,0.0072087
5.4783,-0.0076385,0.0070096,-0.0076326,0.0070099
5.4891,-0.0074295,0.0067617,-0.0074236,0.0067609
5.5,-0.005346,0.006727,-0.0053402,0.0067258
5.5109,-0.0045732,0.0071849,-0.0045673,0.0071856
5.5217,-0.0045546,0.0076983,-0.0045487,0.0077012
5.5326,-0.0039821,0.0082537,-0.0039761,0.0082589
5.5435,-0.0030402,0.0089499,-0.0030341,0.0089581
5.55,-0.0026846,0.0094401,-0.0026785,0.0094503
5.5543,-0.0024465,0.0093501,-0.0024403,0.0093597
5.5652,-0.0032784,0.0088107,-0.0032722,0.0088171
5.5761,-0.0014212,0.0083916,-0.0014149,0.0083956
5.587,-0.0025152,0.0080435,-0.0025089,0.0080452
5.5978,-0.0025282,0.0075925,-0.0025219,0.0075916
5.6,-0.0028042,0.0074969,-0.0027979,0.0074954
5.6087,-0.0039096,0.0073533,-0.0039033,0.0073518
5.6196,-0.0034707,0.0070046,-0.0034644,0.0070019
5.6304,-0.0036141,0.0066218,-0.0036079,0.0066176
5.6413,-0.0038425,0.0062044,-0.0038363,0.0061985
5.65,-0.0029085,0.0059229,-0.0029024,0.0059159
5.6522,-0.0026753,0.0059048,-0.0026692,0.0058977
5.663,-0.003637,0.0058038,-0.003631,0.0057968
5.6739,-0.0016376,0.0058011,-0.0016316,0.0057946
5.6848,-0.00062168,0.0060789,-0.0006158,0.0060739
5.6957,-0.00043928,0.006468,-0.00043344,0.0064651
5.7,-0.00067589,0.0066217,-0.00067006,0.0066196
5.7065,-0.001031,0.006234,-0.0010252,0.0062303
5.7174,-5.1235e-05,0.0056062,-4.5475e-05,0.0056
5.7283,0.00033825,0.0051756,0.00034393,0.0051677
5.7391,0.00018338,0.0047667,0.00018897,0.0047572
5.75,0.0017685,0.0044908,0.001774,0.0044802
5.7609,0.0029088,0.003635,0.0029142,0.0036217
5.7717,0.0024426,0.002908,0.0024478,0.0028924
5.7826,0.0038892,0.0023197,0.0038942,0.0023024
5.7935,0.0034897,0.0018287,0.0034945,0.00181
5.8,0.002447,0.0014536,0.0024517,0.0014338
5.8043,0.0017504,0.0011607,0.001755,0.0011402
5.8152,0.0013323,0.00033787,0.0013367,0.00031535
5.8261,0.0016788,-0.0004929,0.0016829,-0.00051751
5.837,0.0016101,-0.0012978,0.0016139,-0.0013245
5.8478,0.0007277,-0.0021912,0.00073123,-0.0022203
5.85,0.00038169,-0.0023928,0.00038516,-0.0024225
5.8587,-0.0010028,-0.0017093,-0.00099957,-0.001734
5.8696,-0.0004559,-0.0014412,-0.00045292,-0.0014624
5.8804,-0.00077676,-0.001444,-0.000774,-0.0014633
5.8913,-0.0010964,-0.0015065,-0.0010938,-0.001524
5.9,-0.0024448,-0.0016805,-0.0024424,-0.0016971
5.9022,-0.0027821,-0.001608,-0.0027797,-0.0016241
5.9101,-0.0020173,-0.0011145,-0.0020151,-0.0011278
5.913,-0.001728,-0.00089919,-0.0017257,-0.00091131
5.9239,-0.0019517,-0.00010675,-0.0019496,-0.00011458
5.9348,-0.00058225,0.00079221,-0.00058019,0.0007891
5.9457,-0.0015577,0.0017278,-0.0015557,0.0017296
5.95,-0.0011664,0.0020804,-0.0011643,0.002084
5.9565,-0.00057758,0.0021024,-0.00057549,0.0021058
5.9674,-0.0014656,0.0020732,-0.0014635,0.0020758
5.9783,-0.0034863,0.0018404,-0.0034842,0.0018417
5.9891,-0.0037021,0.0013997,-0.0037,0.0013986
6,-0.0039191,0.00091872,-0.003917,0.00091523
6.0109,-0.0033826,0.0018548,-0.0033806,0.0018553
6.0217,-0.0031634,0.0027508,-0.0031613,0.0027552
6.0326,-0.0019031,0.0037054,-0.0019009,0.0037139
6.0435,-0.0017696,0.0047896,-0.0017673,0.0048027
6.05,-0.0018145,0.0054452,-0.0018121,0.0054611
6.0543,-0.0018428,0.005447,-0.0018403,0.0054625
6.0652,-0.0037104,0.0050198,-0.0037078,0.0050322
6.0761,-0.0042812,0.0043906,-0.0042784,0.0043991
6.087,-0.0042182,0.0037142,-0.0042153,0.0037186
6.0978,-0.0039398,0.0030696,-0.0039369,0.00307
6.1,-0.0042566,0.0029399,-0.0042537,0.0029395
6.1087,-0.0055226,0.0039228,-0.0055198,0.0039271
6.1196,-0.0043754,0.0046318,-0.0043725,0.0046392
6.1304,-0.0034488,0.0052414,-0.0034458,0.0052513
6.1413,-0.0045937,0.0058307,-0.0045906,0.0058431
6.15,-0.006208,0.0060969,-0.0062047,0.0061104
6.1522,-0.0066112,0.0061859,-0.0066079,0.0061996
6.1616,-0.0061836,0.0066728,-0.0061802,0.0066875
6.163,-0.0061189,0.0067524,-0.0061155,0.0067673
6.1701,-0.0061137,0.0071548,-0.0061101,0.0071706
6.1739,-0.0061097,0.0073686,-0.0061061,0.007385
6.1848,-0.0061326,0.0079836,-0.0061288,0.0080014
6.1957,-0.0075004,0.0084692,-0.0074965,0.008488
6.2,-0.0065668,0.0086473,-0.0065628,0.0086665
6.2065,-0.0051647,0.0089595,-0.0051606,0.0089791
6.2174,-0.0058727,0.0095385,-0.0058683,0.0095589
6.2283,-0.0056991,0.010078,-0.0056944,0.010099
6.2391,-0.0065423,0.010555,-0.0065374,0.010577
6.25,-0.0088693,0.010738,-0.0088642,0.010759
6.2609,-0.0094615,0.011423,-0.0094562,0.011446
6.2717,-0.0088942,0.012045,-0.0088887,0.012068
6.2826,-0.0097191,0.012598,-0.0097133,0.012623
6.2935,-0.010226,0.013028,-0.01022,0.013053
6.3,-0.010328,0.013252,-0.010322,0.013277
6.3043,-0.010395,0.013492,-0.010388,0.013517
6.3152,-0.0093645,0.014239,-0.0093578,0.014265
6.3261,-0.0088959,0.015119,-0.008889,0.015148
6.337,-0.0080245,0.016125,-0.0080173,0.016155
6.3478,-0.0071829,0.017289,-0.0071753,0.017323
6.35,-0.0072654,0.017536,-0.0072577,0.017571
6.3587,-0.0075959,0.016298,-0.0075879,0.016325
6.3696,-0.0058433,0.015573,-0.005835,0.015594
6.3804,-0.0049796,0.015487,-0.0049712,0.015505
6.3913,-0.0065201,0.015338,-0.0065115,0.015353
6.4,-0.0057018,0.015165,-0.005693,0.015178
6.4022,-0.0054974,0.01509,-0.0054887,0.015103
6.412,-0.0065642,0.014596,-0.0065553,0.014606
6.413,-0.0066836,0.01453,-0.0066747,0.014539
6.4185,-0.0060193,0.014223,-0.0060103,0.014231
6.4239,-0.0053615,0.01398,-0.0053525,0.013986
6.4348,-0.0050368,0.013582,-0.0050277,0.013586
6.4457,-0.0046771,0.013249,-0.0046681,0.013251
6.45,-0.0043838,0.013139,-0.0043747,0.013141
6.4565,-0.003945,0.012835,-0.0039359,0.012835
6.4674,-0.0027352,0.01247,-0.0027261,0.012468
6.4783,-0.0030271,0.012211,-0.003018,0.012208
6.4891,-0.0037544,0.011857,-0.0037454,0.011853
6.5,-0.0022279,0.011578,-0.0022189,0.011573
6.5109,-0.0013519,0.010747,-0.001343,0.010739
6.5217,-0.0031696,0.0098896,-0.0031608,0.0098791
6.5326,-0.0030646,0.0089175,-0.0030559,0.0089035
6.5435,-0.003125,0.0079496,-0.0031165,0.007932
6.55,-0.0036827,0.0073342,-0.0036743,0.0073144
6.5543,-0.0040562,0.0072283,-0.0040479,0.0072086
6.5652,-0.0046388,0.0070748,-0.0046307,0.0070561
6.5761,-0.0038314,0.0069228,-0.0038235,0.006905
6.587,-0.0015084,0.007062,-0.0015006,0.0070463
6.5978,-0.000312,0.0075283,-0.00030444,0.0075161
6.6,-0.00042314,0.0076418,-0.0004156,0.0076303
6.6087,-0.00086998,0.0063301,-0.00086255,0.0063136
6.6196,-0.0010596,0.0051728,-0.0010524,0.0051524
6.6304,-0.0013521,0.0042819,-0.0013451,0.0042586
6.6413,-0.0012856,0.0033698,-0.0012789,0.0033436
6.65,-0.0014087,0.002636,-0.0014022,0.0026073
6.6522,-0.0014403,0.0025834,-0.0014339,0.0025548
6.6602,-0.0019155,0.0025401,-0.0019093,0.002513
6.663,-0.0020822,0.0025115,-0.0020761,0.0024848
6.6739,-0.0023109,0.0023645,-0.0023051,0.0023394
6.6848,-0.0029073,0.0021409,-0.0029017,0.0021169
6.6957,-0.0015489,0.0019881,-0.0015436,0.0019656
6.7,-0.0012852,0.0019873,-0.00128,0.0019656
6.7065,-0.00088961,0.0020369,-0.00088454,0.0020163
6.7174,-5.3507e-05,0.002235,-4.8643e-05,0.0022167
6.7283,-0.00017171,0.0024981,-0.00016703,0.0024825
6.7391,-0.00045408,0.002724,-0.00044955,0.0027109
6.75,0.00030398,0.0029941,0.00030838,0.0029836
6.7609,-0.0010968,0.0023612,-0.0010926,0.0023487
6.7717,0.00080217,0.0018417,0.0008063,0.0018276
6.7826,0.0021712,0.001674,0.0021752,0.00166
6.7935,0.0040644,0.0018097,0.0040682,0.0017969
6.8,0.0041626,0.0020023,0.0041663,0.0019906
6.8043,0.004228,0.0016771,0.0042317,0.0016644
6.8152,0.0050469,0.00067494,0.0050504,0.00065887
6.8261,0.0034437,-0.00037386,0.003447,-0.0003935
6.837,0.0021872,-0.0016886,0.0021903,-0.0017129
6.8478,0.0020519,-0.0031327,0.0020547,-0.0031623
6.85,0.0018148,-0.0034285,0.0018176,-0.0034592
6.8587,0.00086517,-0.0027077,0.00086766,-0.0027329
6.8696,0.00025012,-0.0025781,0.00025237,-0.0026001
6.8804,0.00042012,-0.0028492,0.00042213,-0.0028703
6.8913,0.00040875,-0.0031056,0.00041053,-0.0031256
6.9,6.1158e-05,-0.0033374,6.2772e-05,-0.0033568
6.9022,-2.598e-05,-0.0033065,-2.4409e-05,-0.0033255
6.9108,-0.0016783,-0.0031683,-0.0016769,-0.0031857
6.913,-0.0021182,-0.0031712,-0.0021168,-0.0031883
6.9239,-0.0027475,-0.0032843,-0.0027463,-0.0033007
6.9348,-0.0040669,-0.0035786,-0.0040659,-0.0035951
6.9457,-0.0040838,-0.0039972,-0.004083,-0.0040143
6.95,-0.0044413,-0.0041785,-0.0044405,-0.004196
6.9565,-0.0049763,-0.0033586,-0.0049757,-0.003372
6.9674,-0.003971,-0.0018708,-0.0039704,-0.001877
6.9783,-0.0041203,-0.00043965,-0.0041198,-0.00043889
6.9891,-0.0035175,0.0010337,-0.003517,0.0010416
7,-0.0033872,0.0025752,-0.0033865,0.0025906
7.0109,-0.0028521,0.0028525,-0.0028512,0.0028673
7.0217,-0.0043029,0.0031501,-0.0043019,0.0031645
7.0326,-0.0036763,0.0034465,-0.0036751,0.0034609
7.0435,-0.0040534,0.0037662,-0.004052,0.0037806
7.05,-0.0048544,0.0038923,-0.0048529,0.0039064
7.0543,-0.0053878,0.0040677,-0.0053863,0.0040821
7.0652,-0.0051,0.0045668,-0.0050983,0.0045821
7.0761,-0.0064049,0.0049633,-0.0064031,0.0049791
7.087,-0.0051308,0.0053569,-0.0051288,0.0053732
7.0978,-0.006304,0.0057598,-0.0063018,0.0057767
7.1,-0.0061557,0.0058214,-0.0061535,0.0058383
7.1087,-0.0055599,0.0065157,-0.0055575,0.0065342
7.1196,-0.0041669,0.007445,-0.0041643,0.007466
7.1304,-0.0035378,0.0084915,-0.003535,0.0085156
7.1413,-0.0053925,0.009424,-0.0053894,0.0094508
7.15,-0.0060173,0.0099857,-0.0060139,0.010014
7.1522,-0.0061728,0.010039,-0.0061694,0.010067
7.1613,-0.0050142,0.010222,-0.0050106,0.010249
7.163,-0.0047862,0.010279,-0.0047825,0.010306
7.172,-0.0042325,0.010622,-0.0042285,0.010649
7.1739,-0.0041118,0.010708,-0.0041078,0.010734
7.1836,-0.0026924,0.011264,-0.0026882,0.011291
7.1848,-0.0025204,0.011347,-0.0025162,0.011374
7.1906,-0.0021061,0.011792,-0.0021017,0.01182
7.1957,-0.0017499,0.012206,-0.0017454,0.012235
7.2,-0.001286,0.012595,-0.0012812,0.012625
7.2065,-0.00058973,0.011928,-0.00058483,0.011954
7.2174,0.0001825,0.010864,0.00018764,0.010883
7.2283,-0.00010731,0.010001,-0.000102,0.010014
7.2391,0.00052536,0.0091698,0.00053079,0.0091778
7.25,0.00090621,0.0084331,0.0009117,0.008436
7.2609,0.0026623,0.0074313,0.0026678,0.0074303
7.2717,0.0036303,0.0067197,0.0036358,0.0067157
7.2826,0.0025805,0.0060268,0.0025859,0.0060199
7.2935,0.0039398,0.0053628,0.0039451,0.0053531
7.3,0.0040752,0.0050477,0.0040805,0.0050366
7.3043,0.0041639,0.0045607,0.0041691,0.0045479
7.3152,0.0045642,0.0032204,0.0045692,0.0032029
7.3261,0.0047314,0.0019491,0.0047363,0.0019273
7.337,0.0055964,0.00077377,0.0056009,0.00074795
7.3478,0.0061833,-0.00026653,0.0061875,-0.00029587
7.35,0.0060165,-0.00046681,0.0060207,-0.00049683
7.3587,0.0053444,-0.0015364,0.0053483,-0.0015681
7.3696,0.0040901,-0.0029876,0.0040937,-0.0030228
7.3804,0.0039894,-0.0045277,0.0039925,-0.0045671
7.3913,0.0051375,-0.0059704,0.0051402,-0.0060136
7.4,0.0062397,-0.0069572,0.006242,-0.0070029
7.4022,0.006514,-0.0070891,0.0065163,-0.0071347
7.4109,0.0063053,-0.0074789,0.0063071,-0.0075234
7.413,0.0062535,-0.0075783,0.0062552,-0.0076226
7.4239,0.0064061,-0.0080732,0.0064074,-0.0081163
7.4348,0.0073642,-0.0084648,0.007365,-0.0085064
7.4457,0.0070648,-0.0087951,0.0070651,-0.0088351
7.45,0.0069703,-0.0089419,0.0069705,-0.0089813
7.4565,0.0068272,-0.0092178,0.0068272,-0.0092566
7.4674,0.0068466,-0.0096919,0.0068461,-0.00973
7.4783,0.0066659,-0.010176,0.006665,-0.010213
7.4891,0.0066088,-0.010682,0.0066075,-0.010719
7.5,0.0072908,-0.01113,0.0072891,-0.011166
7.5109,0.0071956,-0.011392,0.0071936,-0.011427
7.5217,0.0075624,-0.01164,0.0075599,-0.011673
7.5326,0.0081728,-0.011804,0.00817,-0.011836
7.5435,0.0056559,-0.012145,0.0056527,-0.012176
7.55,0.0056333,-0.012492,0.0056299,-0.012523
7.5543,0.0056174,-0.012463,0.005614,-0.012493
7.5652,0.0058538,-0.012215,0.00585,-0.012242
7.5761,0.0078986,-0.01177,0.0078945,-0.011793
7.587,0.008421,-0.011086,0.0084167,-0.011105
7.5978,0.0077529,-0.010416,0.0077484,-0.01043
7.6,0.0074971,-0.010299,0.0074926,-0.010312
7.6087,0.0064727,-0.011203,0.0064681,-0.01122
7.6196,0.0079174,-0.011893,0.0079125,-0.011913
7.6304,0.0076679,-0.012242,0.0076628,-0.012262
7.6413,0.0052452,-0.012839,0.0052399,-0.012861
7.65,0.0055543,-0.013474,0.0055488,-0.013499
7.6522,0.0056309,-0.013467,0.0056254,-0.013491
7.66,0.0051786,-0.013253,0.0051729,-0.013275
7.663,0.0049993,-0.013182,0.0049935,-0.013203
7.6739,0.0064624,-0.012812,0.0064564,-0.01283
7.6848,0.0064136,-0.012311,0.0064075,-0.012326
7.6957,0.0056849,-0.011882,0.0056786,-0.011894
7.7,0.0048789,-0.011768,0.0048725,-0.011778
7.7065,0.0036706,-0.011661,0.0036642,-0.01167
7.7174,0.0032705,-0.011628,0.003264,-0.011637
7.7283,0.001606,-0.011794,0.0015994,-0.011803
7.7391,-0.00014845,-0.012277,-0.00015519,-0.012288
7.75,0.0012663,-0.012792,0.0012594,-0.012805
7.7609,0.0011245,-0.011431,0.0011175,-0.011437
7.7717,0.00011526,-0.010317,0.00010825,-0.010318
7.7826,0.00036952,-0.0093728,0.00036253,-0.009369
7.7935,9.1294e-05,-0.0084311,8.4366e-05,-0.0084227
7.8,0.00069479,-0.0078478,0.00068792,-0.0078366
7.8043,0.0010991,-0.0075255,0.0010923,-0.0075132
7.8152,-0.0010933,-0.0069475,-0.0011,-0.0069339
7.8261,-0.00034969,-0.0064982,-0.00035621,-0.0064839
7.837,0.00043161,-0.0059072,0.00042525,-0.0058914
7.8478,0.00053536,-0.0052339,0.00052919,-0.0052163
7.85,0.00049049,-0.0050981,0.00048436,-0.0050801
7.8587,0.00031312,-0.0048624,0.00030714,-0.0048449
7.8696,-0.00044155,-0.004563,-0.00044734,-0.0045459
7.8804,-0.00083533,-0.004318,-0.00084094,-0.0043013
7.8913,-0.00028391,-0.0040583,-0.00028934,-0.004042
7.9,-0.00048719,-0.0038246,-0.00049248,-0.0038085
7.9022,-0.00053767,-0.0037361,-0.00054293,-0.0037198
7.913,-0.0015723,-0.0033286,-0.0015774,-0.0033119
7.9239,-0.0020677,-0.0030612,-0.0020726,-0.0030447
7.9348,-0.0015251,-0.0027895,-0.0015298,-0.0027731
7.9457,-0.00089771,-0.002409,-0.00090225,-0.0023921
7.95,-0.0014665,-0.0022546,-0.001471,-0.0022376
7.9565,-0.0023184,-0.001972,-0.0023227,-0.0019546
7.9674,-0.0026335,-0.0016007,-0.0026377,-0.001583
7.9783,-0.0024062,-0.0012531,-0.0024102,-0.0012352
7.9891,-0.0020611,-0.0008523,-0.0020649,-0.00083396
8,-0.002459,-0.00045639,-0.0024626,-0.00043757
8.0109,-0.00090981,0.00026741,-0.00091316,0.00028781
8.0217,-0.0014727,0.0010654,-0.0014759,0.0010877
8.0326,-0.0017632,0.0017714,-0.0017661,0.0017954
8.0435,-0.0015363,0.0024715,-0.0015389,0.0024972
8.05,-0.0011197,0.0029275,-0.0011221,0.0029544
8.0543,-0.00084074,0.0029642,-0.00084305,0.0029904
8.0652,-0.0013059,0.0028651,-0.001308,0.002889
8.0761,-0.0010082,0.0027673,-0.00101,0.0027889
8.087,-0.0019256,0.0026119,-0.0019272,0.002631
8.0978,-0.0018186,0.0023811,-0.00182,0.0023975
8.1,-0.001588,0.0023412,-0.0015893,0.0023571
8.1087,-0.00066532,0.0025932,-0.00066653,0.0026097
8.1196,0.00013841,0.0029664,0.00013739,0.0029836
8.1304,0.00027841,0.0033687,0.00027758,0.0033864
8.1413,0.0027302,0.0040119,0.0027295,0.0040313
8.15,0.0025042,0.004692,0.0025037,0.0047136
8.1522,0.0024483,0.0045905,0.0024479,0.0046113
8.1592,0.0019662,0.0039073,0.0019659,0.0039244
8.163,0.0016989,0.0035011,0.0016987,0.0035159
8.1739,0.0019262,0.0023528,0.0019261,0.0023615
8.1848,0.001388,0.0011756,0.0013879,0.001178
8.1957,0.0010748,-8.0761e-05,0.0010748,-8.5026e-05
8.2,0.0014285,-0.00058187,0.0014284,-0.00058878
8.2065,0.0019565,-0.00066979,0.0019564,-0.00067663
8.2174,-4.307e-05,-0.00091136,-4.3248e-05,-0.00091839
8.2283,0.0010488,-0.0013106,0.0010485,-0.0013187
8.2391,-0.0021895,-0.0019095,-0.0021899,-0.0019194
8.25,-0.0028895,-0.0028745,-0.0028899,-0.0028878
8.2609,-0.0011038,-0.0015032,-0.0011044,-0.0015097
8.2717,-0.0011979,-0.00015225,-0.0011985,-0.00015202
8.2826,-0.0020299,0.0009852,-0.0020305,0.00099121
8.2935,-0.0011107,0.0021308,-0.0011112,0.0021426
8.3,-0.00088212,0.0028822,-0.00088253,0.0028978
8.3043,-0.00072775,0.0029333,-0.00072809,0.0029488
8.3152,-0.00052963,0.0028197,-0.00052982,0.0028335
8.3261,-0.00023416,0.0027784,-0.0002342,0.002791
8.337,0.00017052,0.0028023,0.00017061,0.0028139
8.3478,0.0016142,0.0029981,0.0016144,0.0030095
8.35,0.0017149,0.0030659,0.0017152,0.0030774
8.3587,0.0021159,0.00201,0.0021162,0.0020165
8.3696,0.0060382,0.0015207,0.0060386,0.0015246
8.3804,0.0068478,0.0017178,0.0068482,0.0017216
8.3913,0.0083557,0.0021303,0.0083562,0.0021351
8.4,0.0074574,0.0025056,0.0074579,0.0025114
8.4022,0.007233,0.0022653,0.0072336,0.00227
8.409,0.007378,0.0011421,0.0073786,0.0011419
8.413,0.0074615,0.00046778,0.007462,0.00046467
8.4239,0.007098,-0.0013541,0.0070984,-0.0013651
8.4348,0.007183,-0.0032018,0.0071833,-0.0032208
8.4457,0.0065611,-0.0050995,0.0065612,-0.0051267
8.45,0.0061948,-0.0058954,0.0061947,-0.0059261
8.4565,0.0056408,-0.0062704,0.0056405,-0.0063012
8.4674,0.0069981,-0.0067615,0.0069975,-0.0067918
8.4783,0.0082495,-0.0071138,0.0082486,-0.0071432
8.4891,0.008299,-0.0073451,0.0082978,-0.0073733
8.5,0.0084537,-0.0075574,0.0084522,-0.0075843
8.5109,0.0092768,-0.0084877,0.0092749,-0.0085165
8.5217,0.0098723,-0.0092218,0.0098701,-0.0092517
8.5326,0.0092642,-0.009911,0.0092617,-0.0099418
8.5435,0.0066763,-0.010897,0.0066735,-0.01093
8.55,0.0064597,-0.011646,0.0064566,-0.011681
8.5543,0.0063133,-0.011756,0.00631,-0.01179
8.5652,0.0048275,-0.011944,0.0048239,-0.011977
8.5761,0.0040941,-0.012362,0.0040901,-0.012394
8.587,0.0080702,-0.012479,0.0080659,-0.012509
8.5978,0.0069452,-0.01233,0.0069406,-0.012357
8.6,0.0066317,-0.012327,0.0066271,-0.012354
8.6087,0.0053777,-0.012422,0.0053728,-0.012448
8.6196,0.0052822,-0.01267,0.005277,-0.012695
8.6304,0.0031954,-0.013122,0.00319,-0.013147
8.6413,0.00209,-0.013871,0.0020843,-0.013898
8.65,0.0023373,-0.014534,0.0023314,-0.014562
8.6522,0.0023985,-0.014418,0.0023925,-0.014446
8.6591,0.0025356,-0.013705,0.0025295,-0.013728
8.663,0.0026147,-0.013291,0.0026084,-0.013312
8.6739,0.0034105,-0.01206,0.0034041,-0.012073
8.6848,0.0014173,-0.010939,0.0014107,-0.010947
8.6957,0.0028777,-0.0098685,0.002871,-0.0098695
8.7,0.003112,-0.0093771,0.0031054,-0.0093753
8.7065,0.0034665,-0.0091412,0.0034598,-0.0091387
8.7174,0.0056169,-0.0085515,0.0056103,-0.0085471
8.7283,0.0047507,-0.0077787,0.0047441,-0.0077714
8.7391,0.0040018,-0.0071561,0.0039954,-0.0071465
8.75,0.0025788,-0.0067354,0.0025725,-0.0067244
8.7609,0.0025895,-0.0065385,0.0025833,-0.0065278
8.7717,0.00030724,-0.0065455,0.00030116,-0.0065358
8.7826,0.00083092,-0.0067107,0.00082494,-0.0067026
8.7935,0.00037465,-0.0068696,0.00036875,-0.0068632
8.8,0.00017873,-0.0070014,0.00017287,-0.006996
8.8043,4.8161e-05,-0.0067838,4.2324e-05,-0.0067778
8.8152,3.2209e-05,-0.006066,2.6451e-05,-0.0060575
8.8261,0.00071695,-0.0053041,0.0007113,-0.0052929
8.837,-0.0011081,-0.0046483,-0.0011136,-0.0046349
8.8478,-0.00082815,-0.0041361,-0.00083351,-0.004121
8.85,-0.00079432,-0.0040278,-0.00079964,-0.0040123
8.8587,-0.0006564,-0.0035088,-0.00066159,-0.0034926
8.8696,-0.0013424,-0.002934,-0.0013474,-0.0029168
8.8804,-0.0016646,-0.0024661,-0.0016694,-0.0024482
8.8913,-0.0030315,-0.0021553,-0.0030361,-0.0021372
8.9,-0.0028886,-0.0019977,-0.0028931,-0.0019799
8.9022,-0.0028526,-0.0018694,-0.002857,-0.0018512
8.911,-0.0037162,-0.0012817,-0.0037205,-0.0012622
8.913,-0.0039187,-0.0011613,-0.003923,-0.0011416
8.9239,-0.004088,-0.00056396,-0.004092,-0.00054303
8.9348,-0.0052792,-9.3115e-05,-0.005283,-7.1488e-05
8.9457,-0.0053434,0.000261,-0.005347,0.00028288
8.95,-0.0059665,0.00037709,-0.0059699,0.00039899
8.9565,-0.006899,0.0010463,-0.0069022,0.00107
8.9674,-0.0072538,0.0020813,-0.0072568,0.0021076
8.9783,-0.0060116,0.0031294,-0.0060143,0.0031586
8.9891,-0.0054236,0.0043477,-0.005426,0.0043805
9,-0.004928,0.0056668,-0.00493,0.0057037
9.0109,-0.0051768,0.0058742,-0.0051784,0.0059091
9.0217,-0.0038495,0.0062721,-0.0038508,0.0063059
9.0326,-0.0027373,0.0069614,-0.0027382,0.0069956
9.0435,-0.001399,0.0078787,-0.0013994,0.0079142
9.05,-0.0014388,0.0085015,-0.0014391,0.0085382
9.0543,-0.0014641,0.0083648,-0.0014642,0.0083999
9.0652,-0.00053956,0.0077822,-0.0005393,0.0078124
9.0761,0.0010196,0.007462,0.0010202,0.0074884
9.087,0.00086151,0.007272,0.00086235,0.0072952
9.0978,0.00019087,0.007005,0.00019194,0.0070247
9.1,0.00043809,0.0069437,0.00043921,0.0069627
9.1087,0.0014239,0.0060474,0.0014252,0.0060624
9.1196,0.0020244,0.005308,0.0020258,0.005319
9.1304,0.0023479,0.0047885,0.0023494,0.0047962
9.1413,0.0011691,0.0041895,0.0011707,0.0041936
9.15,0.00096066,0.003607,0.00096225,0.0036079
9.1522,0.00090777,0.0034795,0.00090936,0.0034799
9.163,0.0019868,0.0029809,0.0019884,0.0029793
9.1739,0.0015779,0.0025459,0.0015795,0.0025427
9.1848,0.0019298,0.0021056,0.0019313,0.0021007
9.1957,0.0020777,0.0017118,0.0020792,0.0017054
9.2,0.0024314,0.001573,0.0024328,0.001566
9.2065,0.0029604,0.0011965,0.0029618,0.0011884
9.2174,0.0017103,0.00048716,0.0017115,0.00047691
9.2283,0.0027814,-0.00021284,0.0027826,-0.00022531
9.2391,0.0031826,-0.00077593,0.0031836,-0.00079008
9.25,0.0032649,-0.0012941,0.0032657,-0.0013097
9.2609,0.0034427,-0.0018025,0.0034434,-0.0018189
9.2717,0.0023897,-0.0023912,0.0023902,-0.0024086
9.2826,0.0022578,-0.0030892,0.0022581,-0.0031083
9.2935,0.0016149,-0.0038593,0.001615,-0.0038804
9.3,0.0018954,-0.0043416,0.0018953,-0.004364
9.3043,0.0020812,-0.0043607,0.0020811,-0.0043825
9.3152,0.001568,-0.0042706,0.0015676,-0.0042903
9.3261,0.0028816,-0.0041223,0.002881,-0.0041397
9.337,0.003127,-0.0038291,0.0031262,-0.0038436
9.3478,0.0032298,-0.0035035,0.0032289,-0.0035151
9.35,0.0030543,-0.0034397,0.0030533,-0.0034507
9.3587,0.0023512,-0.003977,0.0023502,-0.00399
9.3696,0.0036839,-0.0043618,0.0036827,-0.0043757
9.3804,0.0048547,-0.0043826,0.0048533,-0.0043958
9.3913,0.0047755,-0.0043018,0.004774,-0.004314
9.4,0.0050577,-0.0042221,0.0050562,-0.0042334
9.4022,0.0051283,-0.0042958,0.0051267,-0.0043071
9.4107,0.0069256,-0.004596,0.0069239,-0.004608
9.413,0.0074186,-0.0046339,0.0074168,-0.0046458
9.4239,0.0072874,-0.004776,0.0072855,-0.0047877
9.4348,0.0067715,-0.0049782,0.0067695,-0.00499
9.4457,0.0063112,-0.0052712,0.0063091,-0.0052834
9.45,0.0069995,-0.00538,0.0069973,-0.0053923
9.4565,0.0080304,-0.0058371,0.0080281,-0.0058508
9.4674,0.0081827,-0.0065155,0.0081803,-0.0065311
9.4783,0.0083915,-0.0071138,0.0083889,-0.007131
9.4891,0.0087663,-0.0076578,0.0087635,-0.0076764
9.5,0.0091056,-0.0081354,0.0091026,-0.0081552
9.5109,0.0070427,-0.0093755,0.0070395,-0.0093989
9.5217,0.005376,-0.010915,0.0053725,-0.010943
9.5326,0.004936,-0.012615,0.0049322,-0.012649
9.5435,0.00513,-0.014339,0.0051258,-0.014379
9.55,0.004812,-0.01538,0.0048075,-0.015423
9.5543,0.0045976,-0.015283,0.0045929,-0.015325
9.5652,0.0036078,-0.014673,0.0036027,-0.01471
9.5761,0.0017832,-0.014372,0.0017776,-0.014404
9.587,0.0018733,-0.014232,0.0018675,-0.01426
9.5978,0.004284,-0.013859,0.0042779,-0.013883
9.6,0.0042667,-0.01374,0.0042606,-0.013763
9.6087,0.0042004,-0.013225,0.004194,-0.013246
9.6196,0.002646,-0.012747,0.0026394,-0.012764
9.6304,0.0024086,-0.012443,0.0024019,-0.012457
9.6413,0.0020929,-0.01219,0.002086,-0.012202
9.65,0.0022806,-0.011997,0.0022736,-0.012008
9.6522,0.0023279,-0.011861,0.0023209,-0.01187
9.661,0.0032804,-0.011102,0.0032734,-0.011108
9.663,0.0035013,-0.010905,0.0034942,-0.01091
9.6739,0.0035448,-0.0098327,0.0035378,-0.0098324
9.6848,0.0039576,-0.0087175,0.0039506,-0.008712
9.6957,0.0036807,-0.0075897,0.0036737,-0.007579
9.7,0.0034401,-0.0071577,0.0034332,-0.007145
9.7065,0.0030812,-0.0071488,0.0030744,-0.0071367
9.7174,0.002183,-0.0072919,0.0021763,-0.0072817
9.7283,0.0036484,-0.00731,0.0036417,-0.007301
9.7391,0.0045608,-0.0071071,0.0045543,-0.0070983
9.75,0.0037364,-0.006896,0.00373,-0.0068873
9.7609,0.0023649,-0.0070556,0.0023586,-0.0070483
9.7717,0.0040494,-0.0071729,0.0040432,-0.0071668
9.7826,0.0025633,-0.0072623,0.0025571,-0.0072572
9.7935,0.0021957,-0.007524,0.0021896,-0.0075207
9.8,0.0019394,-0.0077158,0.0019332,-0.0077138
9.8043,0.0017682,-0.0075996,0.0017621,-0.0075972
9.8152,0.0023698,-0.0071154,0.0023637,-0.0071112
9.8261,0.0032287,-0.0065103,0.0032226,-0.0065038
9.837,0.0037838,-0.0057737,0.0037778,-0.0057643
9.8478,0.002663,-0.0050897,0.0026572,-0.0050777
9.85,0.0028014,-0.0049712,0.0027956,-0.0049587
9.8587,0.0033555,-0.0052851,0.0033498,-0.0052751
9.8696,0.0024028,-0.0054508,0.0023972,-0.0054426
9.8804,0.0022212,-0.0055705,0.0022157,-0.0055638
9.8913,0.0036537,-0.0055739,0.0036483,-0.0055681
9.9,0.0040804,-0.0054383,0.004075,-0.0054327
9.9022,0.0041872,-0.0054589,0.0041818,-0.0054535
9.9115,0.0031562,-0.0057246,0.0031509,-0.0057206
9.913,0.0029839,-0.0057855,0.0029785,-0.0057818
9.9208,0.0033138,-0.0060796,0.0033085,-0.0060773
9.9239,0.0034446,-0.0061845,0.0034393,-0.0061828
9.9348,0.0040446,-0.0064848,0.0040393,-0.0064848
9.9457,0.0029831,-0.0068281,0.0029777,-0.0068298
9.95,0.0028884,-0.0070084,0.0028831,-0.0070111
9.9565,0.0027458,-0.0068991,0.0027405,-0.0069011
9.9674,0.003594,-0.0066246,0.0035887,-0.0066252
9.9783,0.0047156,-0.0062138,0.0047103,-0.0062125
9.9891,0.0043476,-0.0057329,0.0043423,-0.0057294
10,0.0051979,-0.0052072,0.0051927,-0.0052012
