9443	-40.10	10.69	0.00	-0.67
9542	-39.24	10.35	0.00	0.00
9641	-38.37	10.02	0.00	0.00
9740	-37.50	9.70	0.00	0.00
9839	-36.61	9.37	0.00	0.00
9938	-35.72	9.06	0.00	0.00
10037	-34.82	8.75	0.00	0.00
10136	-33.91	8.44	0.00	0.00
10235	-33.00	8.14	0.00	0.00
10334	-32.07	7.84	0.00	0.00
10433	-31.14	7.55	0.00	0.00
10532	-30.20	7.26	0.00	0.00
10631	-29.25	6.98	0.00	0.00
10730	-28.29	6.70	0.00	0.00
10829	-27.33	6.41	0.00	0.00
10928	-26.35	6.13	0.00	0.00
11027	-25.37	5.86	0.00	0.00
11126	-24.38	5.59	0.00	0.00
11225	-23.39	5.33	0.00	0.00
11324	-22.38	5.06	0.00	0.00
11423	-21.37	4.80	0.00	0.00
11522	-20.35	4.54	0.00	0.00
11621	-19.33	4.28	0.00	0.00
11720	-18.29	4.03	0.00	0.00
11819	-17.25	3.77	0.00	0.00
11918	-16.20	3.53	0.00	0.00
12017	-15.15	3.27	0.00	0.00
12116	-14.09	3.02	0.00	0.00
12215	-13.03	2.77	0.00	0.00
12314	-11.96	2.52	0.00	0.00
12413	-10.88	2.30	0.00	0.00
12512	-9.80	2.06	0.00	0.00
12611	-8.71	1.83	0.00	0.00
12710	-7.62	1.59	0.00	0.00
12809	-6.53	1.33	0.00	0.00
12908	-5.44	1.09	0.00	0.00
13007	-4.33	0.86	0.00	0.00
13106	-3.23	0.64	0.00	0.00
13205	-2.13	0.38	0.00	0.00
13304	-1.01	0.21	0.00	0.00
13403	-1.61	-0.76	0.00	0.00
13502	-1.02	0.21	0.00	0.00
13601	-0.70	-0.87	0.00	0.00
13700	-0.97	0.23	0.00	0.00
13799	-0.81	-0.90	0.00	0.00
13898	-0.95	0.23	0.00	0.00
13997	-0.70	-0.88	0.00	0.00
14096	-1.02	0.21	0.00	0.00
14195	-0.52	-0.81	0.00	0.00
14294	-0.99	0.23	0.00	0.00
14393	-0.22	-0.61	0.00	0.00
14492	-0.95	0.26	0.00	0.00
14591	-1.31	-0.82	0.00	0.00
14690	-1.03	0.28	0.00	0.00
14789	-1.59	-0.71	0.00	0.00
14888	-0.89	0.19	0.00	0.00
14987	-2.02	0.29	0.00	0.00
15086	-0.90	0.09	0.00	0.00
15185	-1.31	-0.97	0.00	0.00
15284	-0.90	0.09	0.00	0.00
15383	-2.03	-0.00	0.00	0.00
15482	-0.92	0.19	0.00	0.00
15581	-2.01	0.49	0.00	0.00
15680	-0.96	0.07	0.00	0.00
15779	-0.51	-0.97	0.00	0.00
15878	-0.94	0.08	0.00	0.00
15977	0.12	0.47	0.00	0.00
16076	-0.98	0.19	0.00	0.00
16175	-0.54	-0.86	0.00	0.00
16274	-0.97	0.19	0.00	0.00
16373	0.08	-0.24	0.00	0.00
16472	-0.99	0.14	0.00	0.00
16571	-1.81	-0.65	0.00	0.00
16670	-0.98	0.13	0.00	0.00
16769	-1.56	-0.85	0.00	0.00
16868	-0.98	0.13	0.00	0.00
16967	-1.96	0.69	0.00	0.00
17066	-0.97	0.15	0.00	0.00
17165	-2.10	0.15	0.00	0.00
17264	-0.97	0.14	0.00	0.00
17363	-0.14	-0.64	0.00	0.00
17462	-0.95	0.15	0.00	0.00
17561	-1.83	0.87	0.00	0.00
17660	-0.95	0.15	0.00	0.00
17759	-1.14	-0.97	0.00	0.00
17858	-0.83	0.12	0.00	0.00
17957	-1.94	-0.12	0.00	0.00
18056	-0.82	0.06	0.00	0.00
18155	-1.90	0.40	0.00	0.00
18254	-0.80	0.11	0.00	0.00
18353	-1.90	0.40	0.00	0.00
18452	-0.80	0.12	0.00	0.00
18551	-1.76	-0.49	0.00	0.00
18650	-0.86	0.21	0.00	0.00
18749	-1.41	-0.79	0.00	0.00
18848	-0.96	0.25	0.00	0.00
18947	-0.86	-0.88	0.00	0.00
19046	-1.09	0.23	0.00	0.00
19145	-0.46	-0.71	0.00	0.00
19244	-1.17	0.17	0.00	0.00
19343	-0.51	-0.75	0.00	0.00
19442	-0.85	0.33	0.00	0.00
19541	-1.67	-0.45	0.00	0.00
19640	-0.85	0.33	0.00	0.00
19739	-1.58	-0.54	0.00	0.00
19838	-0.95	0.41	0.00	0.00
19937	-1.27	-0.68	0.00	0.00
20036	-0.91	0.40	0.00	0.00
20135	-1.14	-0.72	0.00	0.00
20234	-0.84	0.38	0.00	0.00
20333	-1.42	-0.60	0.00	0.00
20432	-0.79	0.35	0.00	0.00
20531	-1.62	-0.43	0.00	0.00
20630	-0.67	0.19	0.00	0.00
20729	-1.78	-0.05	0.00	0.00
20828	-0.67	0.21	0.00	0.00
20927	-1.72	-0.23	0.00	0.00
21026	-0.77	0.38	0.00	0.00
21125	-1.48	-0.50	0.00	0.00
21224	-0.89	0.47	0.00	0.00
21323	-1.29	-0.59	0.00	0.00
21422	-0.84	0.45	0.00	0.00
21521	-1.36	-0.56	0.00	0.00
21620	-0.84	0.45	0.00	0.00
21719	-1.00	-0.67	0.00	0.00
21818	-0.84	0.45	0.00	0.00
21917	-1.49	-0.48	0.00	0.00
22016	-0.78	0.40	0.00	0.00
22115	-1.37	-0.57	0.00	0.00
22214	-0.61	0.28	0.00	0.00
22313	-1.58	-0.30	0.00	0.00
22412	-0.62	0.30	0.00	0.00
22511	-1.58	-0.31	0.00	0.00
22610	-0.66	0.36	0.00	0.00
22709	-1.67	-0.17	0.00	0.00
22808	-0.65	0.33	0.00	0.00
22907	-1.56	-0.34	0.00	0.00
23006	-0.70	0.39	0.00	0.00
23105	-1.45	-0.46	0.00	0.00
23204	-0.87	0.52	0.00	0.00
23303	-1.21	-0.57	0.00	0.00
23402	-1.05	0.56	0.00	0.00
23501	-0.81	-0.55	0.00	0.00
23600	-1.25	0.50	0.00	0.00
23699	-0.53	-0.38	0.00	0.00
23798	-1.25	0.49	0.00	0.00
23897	-0.56	-0.41	0.00	0.00
23996	-1.28	0.47	0.00	0.00
24095	-0.52	-0.37	0.00	0.00
24194	-1.32	0.43	0.00	0.00
24293	-0.46	-0.31	0.00	0.00
24392	-1.47	0.21	0.00	0.00
24491	-0.34	0.34	0.00	0.00
24590	-1.47	0.19	0.00	0.00
24689	-0.35	0.01	0.00	0.00
24788	-1.45	0.29	0.00	0.00
24887	-0.40	-0.14	0.00	0.00
24986	-1.40	0.39	0.00	0.00
25085	-0.56	-0.37	0.00	0.00
25184	-1.17	0.59	0.00	0.00
25283	-0.67	-0.43	0.00	0.00
25382	-1.23	0.55	0.00	0.00
25481	-0.50	-0.31	0.00	0.00
25580	-1.30	0.49	0.00	0.00
25679	-0.49	-0.31	0.00	0.00
25778	-1.33	0.46	0.00	0.00
25877	-0.40	-0.19	0.00	0.00
25976	-1.37	0.39	0.00	0.00
26075	-0.61	-0.44	0.00	0.00
26174	-1.33	0.43	0.00	0.00
26273	-0.63	-0.46	0.00	0.00
26372	-1.22	0.50	0.00	0.00
26471	-0.90	-0.58	0.00	0.00
26570	-1.06	0.54	0.00	0.00
26669	-0.75	-0.55	0.00	0.00
26768	-1.30	0.44	0.00	0.00
26867	-0.45	-0.31	0.00	0.00
26966	-1.33	0.41	0.00	0.00
27065	-0.60	-0.46	0.00	0.00
27164	-1.31	0.42	0.00	0.00
27263	-0.36	-0.20	0.00	0.00
27362	-1.32	0.41	0.00	0.00
27461	-0.49	-0.36	0.00	0.00
27560	-1.38	0.33	0.00	0.00
27659	-0.40	-0.23	0.00	0.00
27758	-1.38	0.34	0.00	0.00
27857	-0.40	-0.24	0.00	0.00
27956	-1.36	0.38	0.00	0.00
28055	-0.32	-0.08	0.00	0.00
28154	-1.35	0.39	0.00	0.00
28253	-0.33	-0.10	0.00	0.00
28352	-1.37	0.35	0.00	0.00
28451	-0.37	-0.19	0.00	0.00
28550	-1.32	0.43	0.00	0.00
28649	-0.67	-0.50	0.00	0.00
28748	-1.14	0.54	0.00	0.00
28847	-0.68	-0.50	0.00	0.00
28946	-1.22	0.50	0.00	0.00
29045	-0.59	-0.45	0.00	0.00
29144	-1.16	0.53	0.00	0.00
29243	-0.73	-0.52	0.00	0.00
29342	-1.17	0.53	0.00	0.00
29441	-0.62	-0.47	0.00	0.00
29540	-1.40	0.35	0.00	0.00
29639	-0.34	-0.05	0.00	0.00
29738	-1.40	0.35	0.00	0.00
29837	-0.30	0.09	0.00	0.00
29936	-1.43	0.04	0.00	0.00
30035	-0.31	0.16	0.00	0.00
30134	-1.44	0.22	0.00	0.00
30233	-0.32	0.04	0.00	0.00
30332	-1.40	0.38	0.00	0.00
30431	-0.37	-0.09	0.00	0.00
30530	-1.44	0.29	0.00	0.00
30629	-0.32	0.09	0.00	0.00
30728	-1.43	0.35	0.00	0.00
30827	-0.45	-0.22	0.00	0.00
30926	-1.34	0.48	0.00	0.00
31025	-0.61	-0.39	0.00	0.00
31124	-1.14	0.61	0.00	0.00
31223	-0.78	-0.46	0.00	0.00
31322	-0.90	0.67	0.00	0.00
31421	-0.96	-0.47	0.00	0.00
31520	-0.97	0.67	0.00	0.00
31619	-0.89	-0.46	0.00	0.00
31718	-0.87	0.67	0.00	0.00
31817	-0.78	-0.46	0.00	0.00
31916	-1.04	0.65	0.00	0.00
32015	-0.82	-0.47	0.00	0.00
32114	-1.14	0.62	0.00	0.00
32213	-0.71	-0.43	0.00	0.00
32312	-1.09	0.64	0.00	0.00
32411	-0.94	-0.49	0.00	0.00
32510	-1.08	0.64	0.00	0.00
32609	-1.01	-0.49	0.00	0.00
32708	-1.09	0.64	0.00	0.00
32807	-1.02	-0.49	0.00	0.00
32906	-0.95	0.64	0.00	0.00
33005	-0.93	-0.50	0.00	0.00
33104	-1.10	0.63	0.00	0.00
33203	-0.86	-0.48	0.00	0.00
33302	-1.11	0.62	0.00	0.00
33401	-0.98	-0.50	0.00	0.00
33500	-0.69	0.59	0.00	0.00