0,0,0,0
3.0521e-05,0,0,0
0.00018313,0,0,0
0.00094616,0,0,0
0.0026037,0,0,0
0.0029044,0,0,0
0.0032052,0.62004,-1.384,0.76392
0.0034678,0.62004,-1.384,0.76392
0.004781,0.62004,-1.384,0.76392
0.01087,0.62004,-1.384,0.76392
0.021739,0.62004,-1.384,0.76392
0.032609,0.62004,-1.384,0.76392
0.043478,0.62004,-1.384,0.76392
0.05,0.62004,-1.384,0.76392
0.054348,0.45275,-1.0215,0.56871
0.061525,0.4814,-1.0835,0.60214
0.065217,0.4814,-1.0835,0.60214
0.076087,0.4814,-1.0835,0.60214
0.086957,0.4814,-1.0835,0.60214
0.097826,0.4814,-1.0835,0.60214
0.1,0.4814,-1.0835,0.60214
0.1087,0.01183,-0.083917,0.072087
0.11957,0.35169,-0.8074,0.45572
0.13043,0.35169,-0.8074,0.45572
0.1413,0.35169,-0.8074,0.45572
0.15,0.35169,-0.8074,0.45572
0.15217,0.29285,-0.66964,0.37679
0.15727,0.28667,-0.65518,0.3685
0.16304,0.28667,-0.65518,0.3685
0.17391,0.28667,-0.65518,0.3685
0.18478,0.28667,-0.65518,0.3685
0.19565,0.28667,-0.65518,0.3685
0.2,0.28667,-0.65518,0.3685
0.20652,0.15138,-0.36832,0.21694
0.21739,0.21193,-0.49669,0.28477
0.22826,0.21193,-0.49669,0.28477
0.23913,0.21193,-0.49669,0.28477
0.25,0.21193,-0.49669,0.28477
0.26087,0.11791,-0.29742,0.17951
0.27174,0.15739,-0.3811,0.22371
0.28261,0.15739,-0.3811,0.22371
0.29348,0.15739,-0.3811,0.22371
0.3,0.15739,-0.3811,0.22371
0.30435,0.13186,-0.30937,0.17751
0.31522,0.13623,-0.32166,0.18542
0.32609,0.13623,-0.32166,0.18542
0.33696,0.13623,-0.32166,0.18542
0.34783,0.13623,-0.32166,0.18542
0.35,0.13623,-0.32166,0.18542
0.3587,0.060334,-0.12946,0.069122
0.36957,0.11527,-0.26856,0.1533
0.38043,0.11527,-0.26856,0.1533
0.3913,0.11527,-0.26856,0.1533
0.4,0.11527,-0.26856,0.1533
0.40217,0.10368,-0.23797,0.1343
0.40908,0.10246,-0.23476,0.1323
0.41304,0.10246,-0.23476,0.1323
0.42391,0.10246,-0.23476,0.1323
0.43478,0.10246,-0.23476,0.1323
0.44565,0.10246,-0.23476,0.1323
0.45,0.10246,-0.23476,0.1323
0.45652,0.063396,-0.15339,0.089999
0.46739,0.080878,-0.18981,0.10893
0.47826,0.080878,-0.18981,0.10893
0.48913,0.080878,-0.18981,0.10893
0.5,0.080878,-0.18981,0.10893
0.51087,0.056508,-0.1359,0.079389
0.52174,0.066742,-0.15854,0.091795
0.53261,0.066742,-0.15854,0.091795
0.54348,0.066742,-0.15854,0.091795
0.55,0.066742,-0.15854,0.091795
0.55435,0.055312,-0.13143,0.07612
0.56522,0.05727,-0.13607,0.078805
0.57609,0.05727,-0.13607,0.078805
0.58696,0.05727,-0.13607,0.078805
0.59783,0.05727,-0.13607,0.078805
0.6,0.05727,-0.13607,0.078805
0.6087,0.0061028,-0.036295,0.030192
0.61957,0.043135,-0.10851,0.065376
0.63043,0.043135,-0.10851,0.065376
0.6413,0.043135,-0.10851,0.065376
0.65,0.043135,-0.10851,0.065376
0.65217,0.040488,-0.099485,0.058997
0.66087,0.04021,-0.098537,0.058327
0.66304,0.04021,-0.098537,0.058327
0.67391,0.04021,-0.098537,0.058327
0.68478,0.04021,-0.098537,0.058327
0.69565,0.04021,-0.098537,0.058327
0.7,0.04021,-0.098537,0.058327
0.70652,0.046168,-0.095819,0.049652
0.71739,0.043501,-0.097035,0.053534
0.72826,0.043501,-0.097035,0.053534
0.73913,0.043501,-0.097035,0.053534
0.75,0.043501,-0.097035,0.053534
0.76087,0.027757,-0.067065,0.039308
0.77174,0.034369,-0.079651,0.045282
0.78261,0.034369,-0.079651,0.045282
0.79348,0.034369,-0.079651,0.045282
0.8,0.034369,-0.079651,0.045282
0.80435,0.029486,-0.068006,0.03852
0.81522,0.030322,-0.070001,0.039678
0.82609,0.030322,-0.070001,0.039678
0.83696,0.030322,-0.070001,0.039678
0.84783,0.030322,-0.070001,0.039678
0.85,0.030322,-0.070001,0.039678
0.8587,0.070135,-0.11094,0.040807
0.86957,0.04132,-0.08131,0.03999
0.88043,0.04132,-0.08131,0.03999
0.8913,0.04132,-0.08131,0.03999
0.9,0.04132,-0.08131,0.03999
0.90217,0.03881,-0.075346,0.036536
0.91177,0.038547,-0.07472,0.036174
0.91304,0.038547,-0.07472,0.036174
0.91942,0.038547,-0.07472,0.036174
0.92391,0.038547,-0.07472,0.036174
0.93478,0.038547,-0.07472,0.036174
0.94565,0.038547,-0.07472,0.036174
0.95,0.038547,-0.07472,0.036174
0.95652,0.042053,-0.0743,0.032247
0.96739,0.040484,-0.074488,0.034004
0.97826,0.040484,-0.074488,0.034004
0.98913,0.040484,-0.074488,0.034004
1,0.040484,-0.074488,0.034004
1.0109,0.021089,-0.043841,0.022752
1.0217,0.029234,-0.056712,0.027477
1.0326,0.029234,-0.056712,0.027477
1.0435,0.029234,-0.056712,0.027477
1.05,0.029234,-0.056712,0.027477
1.0543,0.011791,-0.030407,0.018616
1.0652,0.014778,-0.034912,0.020134
1.0761,0.014778,-0.034912,0.020134
1.087,0.014778,-0.034912,0.020134
1.0978,0.014778,-0.034912,0.020134
1.1,0.014778,-0.034912,0.020134
1.1087,0.043447,-0.067323,0.023876
1.1196,0.022698,-0.043865,0.021167
1.1304,0.022698,-0.043865,0.021167
1.1413,0.022698,-0.043865,0.021167
1.15,0.022698,-0.043865,0.021167
1.1522,0.011701,-0.027548,0.015847
1.1595,0.010547,-0.025836,0.015289
1.163,0.010547,-0.025836,0.015289
1.1739,0.010547,-0.025836,0.015289
1.1848,0.010547,-0.025836,0.015289
1.1957,0.010547,-0.025836,0.015289
1.2,0.010547,-0.025836,0.015289
1.2065,0.020391,-0.036636,0.016245
1.2174,0.015986,-0.031803,0.015817
1.2283,0.015986,-0.031803,0.015817
1.2391,0.015986,-0.031803,0.015817
1.25,0.015986,-0.031803,0.015817
1.2609,0.022597,-0.038695,0.016099
1.2717,0.01982,-0.035801,0.01598
1.2826,0.01982,-0.035801,0.01598
1.2935,0.01982,-0.035801,0.01598
1.3,0.01982,-0.035801,0.01598
1.3043,0.013755,-0.02623,0.012475
1.3152,0.014794,-0.027869,0.013076
1.3261,0.014794,-0.027869,0.013076
1.337,0.014794,-0.027869,0.013076
1.3478,0.014794,-0.027869,0.013076
1.35,0.014794,-0.027869,0.013076
1.3587,0.031852,-0.047674,0.015822
1.3696,0.019506,-0.03334,0.013834
1.3804,0.019506,-0.03334,0.013834
1.3913,0.019506,-0.03334,0.013834
1.4,0.019506,-0.03334,0.013834
1.4022,0.011921,-0.022304,0.010383
1.4101,0.011125,-0.021146,0.01002
1.413,0.011125,-0.021146,0.01002
1.4239,0.011125,-0.021146,0.01002
1.4348,0.011125,-0.021146,0.01002
1.4457,0.011125,-0.021146,0.01002
1.45,0.011125,-0.021146,0.01002
1.4565,0.0021206,-0.0074658,0.0053452
1.4674,0.0061502,-0.013588,0.0074375
1.4783,0.0061502,-0.013588,0.0074375
1.4891,0.0061502,-0.013588,0.0074375
1.5,0.0061502,-0.013588,0.0074375
1.5109,3.5035e-05,-0.0041287,0.0040936
1.5217,0.0026031,-0.008101,0.0054979
1.5326,0.0026031,-0.008101,0.0054979
1.5435,0.0026031,-0.008101,0.0054979
1.55,0.0026031,-0.008101,0.0054979
1.5543,0.010931,-0.018821,0.0078896
1.5652,0.009505,-0.016985,0.00748
1.5761,0.009505,-0.016985,0.00748
1.587,0.009505,-0.016985,0.00748
1.5978,0.009505,-0.016985,0.00748
1.6,0.009505,-0.016985,0.00748
1.6087,0.0028327,-0.0060332,0.0032005
1.6196,0.0076618,-0.01396,0.0062978
1.6304,0.0076618,-0.01396,0.0062978
1.6413,0.0076618,-0.01396,0.0062978
1.65,0.0076618,-0.01396,0.0062978
1.6522,0.015479,-0.024292,0.0088127
1.66,0.0163,-0.025376,0.0090767
1.663,0.0163,-0.025376,0.0090767
1.6739,0.0163,-0.025376,0.0090767
1.6848,0.0163,-0.025376,0.0090767
1.6957,0.0163,-0.025376,0.0090767
1.7,0.0163,-0.025376,0.0090767
1.7065,0.014459,-0.022127,0.0076681
1.7174,0.015283,-0.023581,0.0082985
1.7283,0.015283,-0.023581,0.0082985
1.7391,0.015283,-0.023581,0.0082985
1.75,0.015283,-0.023581,0.0082985
1.7609,0.0018938,-0.0047069,0.0028132
1.7717,0.0075165,-0.012633,0.0051167
1.7826,0.0075165,-0.012633,0.0051167
1.7935,0.0075165,-0.012633,0.0051167
1.8,0.0075165,-0.012633,0.0051167
1.8043,-0.0095898,0.011084,-0.0014944
1.8152,-0.00666,0.0070221,-0.00036207
1.8261,-0.00666,0.0070221,-0.00036207
1.837,-0.00666,0.0070221,-0.00036207
1.8478,-0.00666,0.0070221,-0.00036207
1.85,-0.00666,0.0070221,-0.00036207
1.8587,0.025566,-0.0361,0.010534
1.8696,0.0022422,-0.0048902,0.0026479
1.8804,0.0022422,-0.0048902,0.0026479
1.8913,0.0022422,-0.0048902,0.0026479
1.9,0.0022422,-0.0048902,0.0026479
1.9022,-0.011652,0.014277,-0.0026252
1.9092,-0.013111,0.016289,-0.0031787
1.913,-0.013111,0.016289,-0.0031787
1.9239,-0.013111,0.016289,-0.0031787
1.9348,-0.013111,0.016289,-0.0031787
1.9457,-0.013111,0.016289,-0.0031787
1.95,-0.013111,0.016289,-0.0031787
1.9565,-0.0023455,0.0019385,0.00040695
1.9674,-0.0071631,0.0083608,-0.0011977
1.9783,-0.0071631,0.0083608,-0.0011977
1.9891,-0.0071631,0.0083608,-0.0011977
2,-0.0071631,0.0083608,-0.0011977
2.0109,-0.024852,0.032826,-0.0079739
2.0217,-0.017423,0.022552,-0.0051282
2.0326,-0.017423,0.022552,-0.0051282
2.0435,-0.017423,0.022552,-0.0051282
2.05,-0.017423,0.022552,-0.0051282
2.0543,-0.021949,0.028908,-0.0069587
2.0652,-0.021174,0.027819,-0.0066452
2.0761,-0.021174,0.027819,-0.0066452
2.087,-0.021174,0.027819,-0.0066452
2.0978,-0.021174,0.027819,-0.0066452
2.1,-0.021174,0.027819,-0.0066452
2.1087,-0.038702,0.052238,-0.013536
2.1196,-0.026016,0.034565,-0.0085488
2.1304,-0.026016,0.034565,-0.0085488
2.1413,-0.026016,0.034565,-0.0085488
2.15,-0.026016,0.034565,-0.0085488
2.1522,-0.027127,0.036169,-0.0090423
2.163,-0.027243,0.036337,-0.0090942
2.1739,-0.027243,0.036337,-0.0090942
2.1848,-0.027243,0.036337,-0.0090942
2.1957,-0.027243,0.036337,-0.0090942
2.2,-0.027243,0.036337,-0.0090942
2.2065,-0.013994,0.018426,-0.0044319
2.2174,-0.019923,0.026441,-0.0065183
2.2283,-0.019923,0.026441,-0.0065183
2.2391,-0.019923,0.026441,-0.0065183
2.25,-0.019923,0.026441,-0.0065183
2.2609,-0.025576,0.03433,-0.0087538
2.2717,-0.023202,0.031017,-0.007815
2.2826,-0.023202,0.031017,-0.007815
2.2935,-0.023202,0.031017,-0.007815
2.3,-0.023202,0.031017,-0.007815
2.3043,-0.026207,0.035217,-0.0090099
2.3152,-0.025692,0.034498,-0.0088053
2.3261,-0.025692,0.034498,-0.0088053
2.337,-0.025692,0.034498,-0.0088053
2.3478,-0.025692,0.034498,-0.0088053
2.35,-0.025692,0.034498,-0.0088053
2.3587,0.040911,-0.056248,0.015337
2.3696,-0.0072937,0.0094297,-0.002136
2.3804,-0.0072937,0.0094297,-0.002136
2.3913,-0.0072937,0.0094297,-0.002136
2.4,-0.0072937,0.0094297,-0.002136
2.4022,-0.0024739,0.0029094,-0.00043548
2.4108,-0.0019679,0.0022249,-0.00025697
2.413,-0.0019679,0.0022249,-0.00025697
2.4239,-0.0019679,0.0022249,-0.00025697
2.4348,-0.0019679,0.0022249,-0.00025697
2.4457,-0.0019679,0.0022249,-0.00025697
2.45,-0.0019679,0.0022249,-0.00025697
2.4565,-0.012214,0.016347,-0.0041327
2.4674,-0.007629,0.010027,-0.0023983
2.4783,-0.007629,0.010027,-0.0023983
2.4891,-0.007629,0.010027,-0.0023983
2.5,-0.007629,0.010027,-0.0023983
2.5109,0.0041849,-0.0060302,0.0018452
2.5217,-0.00077636,0.00071321,6.315e-05
2.5326,-0.00077636,0.00071321,6.315e-05
2.5435,-0.00077636,0.00071321,6.315e-05
2.55,-0.00077636,0.00071321,6.315e-05
2.5543,-0.0013709,0.0015803,-0.0002094
2.5652,-0.0012691,0.0014318,-0.00016272
2.5761,-0.0012691,0.0014318,-0.00016272
2.587,-0.0012691,0.0014318,-0.00016272
2.5978,-0.0012691,0.0014318,-0.00016272
2.6,-0.0012691,0.0014318,-0.00016272
2.6087,0.0067454,-0.0093711,0.0026256
2.6196,0.00094489,-0.0015524,0.00060754
2.6304,0.00094489,-0.0015524,0.00060754
2.6413,0.00094489,-0.0015524,0.00060754
2.65,0.00094489,-0.0015524,0.00060754
2.6522,-0.0071144,0.0094884,-0.0023739
2.66,-0.0079604,0.010647,-0.0026869
2.663,-0.0079604,0.010647,-0.0026869
2.6739,-0.0079604,0.010647,-0.0026869
2.6848,-0.0079604,0.010647,-0.0026869
2.6957,-0.0079604,0.010647,-0.0026869
2.7,-0.0079604,0.010647,-0.0026869
2.7065,-0.033088,0.045022,-0.011935
2.7174,-0.021843,0.029639,-0.0077962
2.7283,-0.021843,0.029639,-0.0077962
2.7391,-0.021843,0.029639,-0.0077962
2.75,-0.021843,0.029639,-0.0077962
2.7609,-0.0073067,0.0097943,-0.0024875
2.7717,-0.013411,0.018128,-0.004717
2.7826,-0.013411,0.018128,-0.004717
2.7935,-0.013411,0.018128,-0.004717
2.8,-0.013411,0.018128,-0.004717
2.8043,-0.0033668,0.0044298,-0.0010631
2.8152,-0.0050871,0.006776,-0.0016889
2.8261,-0.0050871,0.006776,-0.0016889
2.837,-0.0050871,0.006776,-0.0016889
2.8478,-0.0050871,0.006776,-0.0016889
2.85,-0.0050871,0.006776,-0.0016889
2.8587,-0.0047825,0.0064477,-0.0016652
2.8696,-0.005003,0.0066853,-0.0016823
2.8804,-0.005003,0.0066853,-0.0016823
2.8913,-0.005003,0.0066853,-0.0016823
2.9,-0.005003,0.0066853,-0.0016823
2.9022,-0.0075709,0.010209,-0.0026378
2.912,-0.0078405,0.010579,-0.0027381
2.913,-0.0078405,0.010579,-0.0027381
2.9185,-0.0078405,0.010579,-0.0027381
2.9239,-0.0078405,0.010579,-0.0027381
2.9348,-0.0078405,0.010579,-0.0027381
2.9457,-0.0078405,0.010579,-0.0027381
2.95,-0.0078405,0.010579,-0.0027381
2.9565,-0.003234,0.0043112,-0.0010771
2.9674,-0.0052955,0.0071159,-0.0018204
2.9783,-0.0052955,0.0071159,-0.0018204
2.9891,-0.0052955,0.0071159,-0.0018204
3,-0.0052955,0.0071159,-0.0018204
3.0109,-0.0044072,0.0059307,-0.0015235
3.0217,-0.0047802,0.0064284,-0.0016482
3.0326,-0.0047802,0.0064284,-0.0016482
3.0435,-0.0047802,0.0064284,-0.0016482
3.05,-0.0047802,0.0064284,-0.0016482
3.0543,0.0062576,-0.0086382,0.0023807
3.0652,0.0043671,-0.0060578,0.0016906
3.0761,0.0043671,-0.0060578,0.0016906
3.087,0.0043671,-0.0060578,0.0016906
3.0978,0.0043671,-0.0060578,0.0016906
3.1,0.0043671,-0.0060578,0.0016906
3.1087,0.030193,-0.041289,0.011095
3.1196,0.011501,-0.01579,0.0042886
3.1304,0.011501,-0.01579,0.0042886
3.1413,0.011501,-0.01579,0.0042886
3.15,0.011501,-0.01579,0.0042886
3.1522,0.0074889,-0.010289,0.0028004
3.1611,0.0070676,-0.0097118,0.0026442
3.163,0.0070676,-0.0097118,0.0026442
3.1727,0.0070676,-0.0097118,0.0026442
3.1739,0.0070676,-0.0097118,0.0026442
3.1802,0.0070676,-0.0097118,0.0026442
3.1848,0.0070676,-0.0097118,0.0026442
3.1957,0.0070676,-0.0097118,0.0026442
3.2,0.0070676,-0.0097118,0.0026442
3.2065,0.023226,-0.03177,0.0085445
3.2174,0.015995,-0.021899,0.005904
3.2283,0.015995,-0.021899,0.005904
3.2391,0.015995,-0.021899,0.005904
3.25,0.015995,-0.021899,0.005904
3.2609,-0.003299,0.0044868,-0.0011878
3.2717,0.0048035,-0.0065939,0.0017905
3.2826,0.0048035,-0.0065939,0.0017905
3.2935,0.0048035,-0.0065939,0.0017905
3.3,0.0048035,-0.0065939,0.0017905
3.3043,0.00042638,-0.00061228,0.0001859
3.3152,0.001176,-0.0016368,0.00046072
3.3261,0.001176,-0.0016368,0.00046072
3.337,0.001176,-0.0016368,0.00046072
3.3478,0.001176,-0.0016368,0.00046072
3.35,0.001176,-0.0016368,0.00046072
3.3587,0.042671,-0.058339,0.015667
3.3696,0.012639,-0.0173,0.0046614
3.3804,0.012639,-0.0173,0.0046614
3.3913,0.012639,-0.0173,0.0046614
3.4,0.012639,-0.0173,0.0046614
3.4022,0.0038626,-0.005295,0.0014324
3.4098,0.0029413,-0.0040348,0.0010934
3.413,0.0029413,-0.0040348,0.0010934
3.4239,0.0029413,-0.0040348,0.0010934
3.4348,0.0029413,-0.0040348,0.0010934
3.4457,0.0029413,-0.0040348,0.0010934
3.45,0.0029413,-0.0040348,0.0010934
3.4565,0.0082607,-0.011306,0.0030455
3.4674,0.0058802,-0.0080522,0.0021719
3.4783,0.0058802,-0.0080522,0.0021719
3.4891,0.0058802,-0.0080522,0.0021719
3.5,0.0058802,-0.0080522,0.0021719
3.5109,-0.0068266,0.009315,-0.0024884
3.5217,-0.0014903,0.0020216,-0.00053128
3.5326,-0.0014903,0.0020216,-0.00053128
3.5435,-0.0014903,0.0020216,-0.00053128
3.55,-0.0014903,0.0020216,-0.00053128
3.5543,-0.0016047,0.0021722,-0.00056744
3.5652,-0.0015851,0.0021464,-0.00056124
3.5761,-0.0015851,0.0021464,-0.00056124
3.587,-0.0015851,0.0021464,-0.00056124
3.5978,-0.0015851,0.0021464,-0.00056124
3.6,-0.0015851,0.0021464,-0.00056124
3.6087,0.00064667,-0.00091071,0.00026404
3.6196,-0.00096862,0.0013019,-0.00033326
3.6304,-0.00096862,0.0013019,-0.00033326
3.6413,-0.00096862,0.0013019,-0.00033326
3.65,-0.00096862,0.0013019,-0.00033326
3.6522,0.002578,-0.0035424,0.00096438
3.6613,0.0029503,-0.0040509,0.0011006
3.663,0.0029503,-0.0040509,0.0011006
3.6715,0.0029503,-0.0040509,0.0011006
3.6739,0.0029503,-0.0040509,0.0011006
3.6848,0.0029503,-0.0040509,0.0011006
3.6957,0.0029503,-0.0040509,0.0011006
3.7,0.0029503,-0.0040509,0.0011006
3.7065,-0.008317,0.011352,-0.0030348
3.7174,-0.0032747,0.0044589,-0.0011842
3.7283,-0.0032747,0.0044589,-0.0011842
3.7391,-0.0032747,0.0044589,-0.0011842
3.75,-0.0032747,0.0044589,-0.0011842
3.7609,-0.0091545,0.01249,-0.0033355
3.7717,-0.0066853,0.0091173,-0.0024321
3.7826,-0.0066853,0.0091173,-0.0024321
3.7935,-0.0066853,0.0091173,-0.0024321
3.8,-0.0066853,0.0091173,-0.0024321
3.8043,-0.015505,0.021165,-0.0056604
3.8152,-0.013994,0.019102,-0.0051075
3.8261,-0.013994,0.019102,-0.0051075
3.837,-0.013994,0.019102,-0.0051075
3.8478,-0.013994,0.019102,-0.0051075
3.85,-0.013994,0.019102,-0.0051075
3.8587,-0.039775,0.054299,-0.014524
3.8696,-0.021116,0.028825,-0.0077087
3.8804,-0.021116,0.028825,-0.0077087
3.8913,-0.021116,0.028825,-0.0077087
3.9,-0.021116,0.028825,-0.0077087
3.9022,-0.019226,0.026238,-0.0070118
3.913,-0.019027,0.025966,-0.0069386
3.9239,-0.019027,0.025966,-0.0069386
3.9348,-0.019027,0.025966,-0.0069386
3.9457,-0.019027,0.025966,-0.0069386
3.95,-0.019027,0.025966,-0.0069386
3.9565,-0.016161,0.022043,-0.0058822
3.9674,-0.017444,0.023799,-0.006355
3.9783,-0.017444,0.023799,-0.006355
3.9891,-0.017444,0.023799,-0.006355
4,-0.017444,0.023799,-0.006355
4.0109,-0.027949,0.038152,-0.010203
4.0217,-0.023537,0.032124,-0.008587
4.0326,-0.023537,0.032124,-0.008587
4.0435,-0.023537,0.032124,-0.008587
4.05,-0.023537,0.032124,-0.008587
4.0543,-0.014667,0.019998,-0.0053311
4.0652,-0.016186,0.022075,-0.0058888
4.0761,-0.016186,0.022075,-0.0058888
4.087,-0.016186,0.022075,-0.0058888
4.0978,-0.016186,0.022075,-0.0058888
4.1,-0.016186,0.022075,-0.0058888
4.1087,-0.022447,0.030645,-0.0081973
4.1196,-0.017916,0.024442,-0.0065265
4.1304,-0.017916,0.024442,-0.0065265
4.1413,-0.017916,0.024442,-0.0065265
4.15,-0.017916,0.024442,-0.0065265
4.1522,-0.017093,0.023319,-0.0062265
4.163,-0.017007,0.023202,-0.006195
4.1739,-0.017007,0.023202,-0.006195
4.1848,-0.017007,0.023202,-0.006195
4.1957,-0.017007,0.023202,-0.006195
4.2,-0.017007,0.023202,-0.006195
4.2065,-0.0034707,0.0047125,-0.0012418
4.2174,-0.0095281,0.012987,-0.0034585
4.2283,-0.0095281,0.012987,-0.0034585
4.2391,-0.0095281,0.012987,-0.0034585
4.25,-0.0095281,0.012987,-0.0034585
4.2609,-0.0013647,0.0018471,-0.00048237
4.2717,-0.004793,0.0065252,-0.0017322
4.2826,-0.004793,0.0065252,-0.0017322
4.2935,-0.004793,0.0065252,-0.0017322
4.3,-0.004793,0.0065252,-0.0017322
4.3043,-0.014658,0.020012,-0.0053541
4.3152,-0.012969,0.017702,-0.0047338
4.3261,-0.012969,0.017702,-0.0047338
4.337,-0.012969,0.017702,-0.0047338
4.3478,-0.012969,0.017702,-0.0047338
4.35,-0.012969,0.017702,-0.0047338
4.3587,0.030316,-0.041443,0.011128
4.3696,-0.0010117,0.0013638,-0.00035213
4.3804,-0.0010117,0.0013638,-0.00035213
4.3913,-0.0010117,0.0013638,-0.00035213
4.4,-0.0010117,0.0013638,-0.00035213
4.4022,0.0029434,-0.0040312,0.0010879
4.4111,0.0033585,-0.0045976,0.001239
4.413,0.0033585,-0.0045976,0.001239
4.4225,0.0033585,-0.0045976,0.001239
4.4239,0.0033585,-0.0045976,0.001239
4.4309,0.0033585,-0.0045976,0.001239
4.4348,0.0033585,-0.0045976,0.001239
4.4457,0.0033585,-0.0045976,0.001239
4.45,0.0033585,-0.0045976,0.001239
4.4565,-0.01749,0.0239,-0.0064103
4.4674,-0.0081598,0.011147,-0.0029871
4.4783,-0.0081598,0.011147,-0.0029871
4.4891,-0.0081598,0.011147,-0.0029871
4.5,-0.0081598,0.011147,-0.0029871
4.5109,0.0078843,-0.010784,0.0028998
4.5217,0.0011465,-0.0015741,0.00042756
4.5326,0.0011465,-0.0015741,0.00042756
4.5435,0.0011465,-0.0015741,0.00042756
4.55,0.0011465,-0.0015741,0.00042756
4.5543,0.0082103,-0.011218,0.0030074
4.5652,0.0070005,-0.009566,0.0025655
4.5761,0.0070005,-0.009566,0.0025655
4.587,0.0070005,-0.009566,0.0025655
4.5978,0.0070005,-0.009566,0.0025655
4.6,0.0070005,-0.009566,0.0025655
4.6087,-0.014427,0.019722,-0.0052949
4.6196,0.0010812,-0.0014754,0.00039416
4.6304,0.0010812,-0.0014754,0.00039416
4.6413,0.0010812,-0.0014754,0.00039416
4.65,0.0010812,-0.0014754,0.00039416
4.6522,0.0011956,-0.0016344,0.00043883
4.663,0.0012076,-0.0016511,0.00044352
4.6739,0.0012076,-0.0016511,0.00044352
4.6848,0.0012076,-0.0016511,0.00044352
4.6957,0.0012076,-0.0016511,0.00044352
4.7,0.0012076,-0.0016511,0.00044352
4.7065,0.0028399,-0.0038797,0.0010398
4.7174,0.0021094,-0.0028824,0.00077294
4.7283,0.0021094,-0.0028824,0.00077294
4.7391,0.0021094,-0.0028824,0.00077294
4.75,0.0021094,-0.0028824,0.00077294
4.7609,-0.014627,0.019987,-0.0053601
4.7717,-0.0075982,0.010383,-0.0027845
4.7826,-0.0075982,0.010383,-0.0027845
4.7935,-0.0075982,0.010383,-0.0027845
4.8,-0.0075982,0.010383,-0.0027845
4.8043,-0.0029277,0.0039933,-0.0010656
4.8152,-0.0037276,0.0050876,-0.00136
4.8261,-0.0037276,0.0050876,-0.00136
4.837,-0.0037276,0.0050876,-0.00136
4.8478,-0.0037276,0.0050876,-0.00136
4.85,-0.0037276,0.0050876,-0.00136
4.8587,-0.039632,0.054139,-0.014507
4.8696,-0.013646,0.018638,-0.0049918
4.8804,-0.013646,0.018638,-0.0049918
4.8913,-0.013646,0.018638,-0.0049918
4.9,-0.013646,0.018638,-0.0049918
4.9022,-0.010482,0.014306,-0.0038236
4.9116,-0.01015,0.013851,-0.003701
4.913,-0.01015,0.013851,-0.003701
4.9205,-0.01015,0.013851,-0.003701
4.9239,-0.01015,0.013851,-0.003701
4.9348,-0.01015,0.013851,-0.003701
4.9457,-0.01015,0.013851,-0.003701
4.95,-0.01015,0.013851,-0.003701
4.9565,0.001031,-0.001425,0.000394
4.9674,-0.0039726,0.0054112,-0.0014386
4.9783,-0.0039726,0.0054112,-0.0014386
4.9891,-0.0039726,0.0054112,-0.0014386
5,-0.0039726,0.0054112,-0.0014386
5.0109,0.0025755,-0.0035294,0.0009539
5.0217,-0.00017444,0.00022526,-5.0818e-05
5.0326,-0.00017444,0.00022526,-5.0818e-05
5.0435,-0.00017444,0.00022526,-5.0818e-05
5.05,-0.00017444,0.00022526,-5.0818e-05
5.0543,-0.0061481,0.0083931,-0.002245
5.0652,-0.005125,0.0069942,-0.0018692
5.0761,-0.005125,0.0069942,-0.0018692
5.087,-0.005125,0.0069942,-0.0018692
5.0978,-0.005125,0.0069942,-0.0018692
5.1,-0.005125,0.0069942,-0.0018692
5.1087,-0.039723,0.05426,-0.014537
5.1196,-0.014682,0.020051,-0.0053685
5.1304,-0.014682,0.020051,-0.0053685
5.1413,-0.014682,0.020051,-0.0053685
5.15,-0.014682,0.020051,-0.0053685
5.1522,-0.0087518,0.01194,-0.0031885
5.1604,-0.0081292,0.011089,-0.0029596
5.163,-0.0081292,0.011089,-0.0029596
5.1739,-0.0081292,0.011089,-0.0029596
5.1848,-0.0081292,0.011089,-0.0029596
5.1957,-0.0081292,0.011089,-0.0029596
5.2,-0.0081292,0.011089,-0.0029596
5.2065,0.0019314,-0.0026508,0.00071934
5.2174,-0.0025709,0.0034979,-0.00092705
5.2283,-0.0025709,0.0034979,-0.00092705
5.2391,-0.0025709,0.0034979,-0.00092705
5.25,-0.0025709,0.0034979,-0.00092705
5.2609,-0.0058528,0.0079922,-0.0021394
5.2717,-0.0044745,0.0061048,-0.0016303
5.2826,-0.0044745,0.0061048,-0.0016303
5.2935,-0.0044745,0.0061048,-0.0016303
5.3,-0.0044745,0.0061048,-0.0016303
5.3043,-0.00016373,0.00021517,-5.1441e-05
5.3152,-0.00090204,0.0012239,-0.00032185
5.3261,-0.00090204,0.0012239,-0.00032185
5.337,-0.00090204,0.0012239,-0.00032185
5.3478,-0.00090204,0.0012239,-0.00032185
5.35,-0.00090204,0.0012239,-0.00032185
5.3587,-0.020551,0.028091,-0.0075394
5.3696,-0.00633,0.0086456,-0.0023156
5.3804,-0.00633,0.0086456,-0.0023156
5.3913,-0.00633,0.0086456,-0.0023156
5.4,-0.00633,0.0086456,-0.0023156
5.4022,-0.009967,0.01361,-0.0036429
5.4113,-0.010349,0.014131,-0.0037822
5.413,-0.010349,0.014131,-0.0037822
5.4218,-0.010349,0.014131,-0.0037822
5.4239,-0.010349,0.014131,-0.0037822
5.4348,-0.010349,0.014131,-0.0037822
5.4457,-0.010349,0.014131,-0.0037822
5.45,-0.010349,0.014131,-0.0037822
5.4565,-0.00855,0.011668,-0.0031179
5.4674,-0.009355,0.01277,-0.0034152
5.4783,-0.009355,0.01277,-0.0034152
5.4891,-0.009355,0.01277,-0.0034152
5.5,-0.009355,0.01277,-0.0034152
5.5109,-0.012096,0.016516,-0.0044207
5.5217,-0.010945,0.014943,-0.0039984
5.5326,-0.010945,0.014943,-0.0039984
5.5435,-0.010945,0.014943,-0.0039984
5.55,-0.010945,0.014943,-0.0039984
5.5543,0.0020863,-0.0028649,0.00077867
5.5652,-0.00014555,0.00018505,-3.9506e-05
5.5761,-0.00014555,0.00018505,-3.9506e-05
5.587,-0.00014555,0.00018505,-3.9506e-05
5.5978,-0.00014555,0.00018505,-3.9506e-05
5.6,-0.00014555,0.00018505,-3.9506e-05
5.6087,-0.0077212,0.010556,-0.0028346
5.6196,-0.0022383,0.0030499,-0.00081164
5.6304,-0.0022383,0.0030499,-0.00081164
5.6413,-0.0022383,0.0030499,-0.00081164
5.65,-0.0022383,0.0030499,-0.00081164
5.6522,-0.0037937,0.0051774,-0.0013836
5.663,-0.003957,0.0054007,-0.0014437
5.6739,-0.003957,0.0054007,-0.0014437
5.6848,-0.003957,0.0054007,-0.0014437
5.6957,-0.003957,0.0054007,-0.0014437
5.7,-0.003957,0.0054007,-0.0014437
5.7065,0.0099203,-0.01356,0.0036397
5.7174,0.00371,-0.0050748,0.0013648
5.7283,0.00371,-0.0050748,0.0013648
5.7391,0.00371,-0.0050748,0.0013648
5.75,0.00371,-0.0050748,0.0013648
5.7609,0.013775,-0.018816,0.0050403
5.7717,0.0095484,-0.013045,0.0034968
5.7826,0.0095484,-0.013045,0.0034968
5.7935,0.0095484,-0.013045,0.0034968
5.8,0.0095484,-0.013045,0.0034968
5.8043,0.0088992,-0.012151,0.0032522
5.8152,0.0090104,-0.012304,0.0032941
5.8261,0.0090104,-0.012304,0.0032941
5.837,0.0090104,-0.012304,0.0032941
5.8478,0.0090104,-0.012304,0.0032941
5.85,0.0090104,-0.012304,0.0032941
5.8587,-0.026889,0.036759,-0.0098696
5.8696,-0.00090657,0.0012489,-0.00034229
5.8804,-0.00090657,0.0012489,-0.00034229
5.8913,-0.00090657,0.0012489,-0.00034229
5.9,-0.00090657,0.0012489,-0.00034229
5.9022,-0.0084154,0.0115,-0.0030851
5.9101,-0.0092036,0.012577,-0.003373
5.913,-0.0092036,0.012577,-0.003373
5.9239,-0.0092036,0.012577,-0.003373
5.9348,-0.0092036,0.012577,-0.003373
5.9457,-0.0092036,0.012577,-0.003373
5.95,-0.0092036,0.012577,-0.003373
5.9565,0.0041119,-0.0056312,0.0015194
5.9674,-0.001847,0.002517,-0.00067001
5.9783,-0.001847,0.002517,-0.00067001
5.9891,-0.001847,0.002517,-0.00067001
6,-0.001847,0.002517,-0.00067001
6.0109,-0.018601,0.02541,-0.0068092
6.0217,-0.011565,0.015796,-0.004231
6.0326,-0.011565,0.015796,-0.004231
6.0435,-0.011565,0.015796,-0.004231
6.05,-0.011565,0.015796,-0.004231
6.0543,0.0012752,-0.0017567,0.00048148
6.0652,-0.00092397,0.0012496,-0.00032564
6.0761,-0.00092397,0.0012496,-0.00032564
6.087,-0.00092397,0.0012496,-0.00032564
6.0978,-0.00092397,0.0012496,-0.00032564
6.1,-0.00092397,0.0012496,-0.00032564
6.1087,-0.036845,0.050349,-0.013504
6.1196,-0.010847,0.014813,-0.0039661
6.1304,-0.010847,0.014813,-0.0039661
6.1413,-0.010847,0.014813,-0.0039661
6.15,-0.010847,0.014813,-0.0039661
6.1522,-0.013902,0.018979,-0.005077
6.1616,-0.014223,0.019416,-0.0051936
6.163,-0.014223,0.019416,-0.0051936
6.1701,-0.014223,0.019416,-0.0051936
6.1739,-0.014223,0.019416,-0.0051936
6.1848,-0.014223,0.019416,-0.0051936
6.1957,-0.014223,0.019416,-0.0051936
6.2,-0.014223,0.019416,-0.0051936
6.2065,-0.012199,0.016646,-0.0044463
6.2174,-0.013105,0.017886,-0.0047807
6.2283,-0.013105,0.017886,-0.0047807
6.2391,-0.013105,0.017886,-0.0047807
6.25,-0.013105,0.017886,-0.0047807
6.2609,-0.022459,0.03066,-0.0082011
6.2717,-0.018531,0.025295,-0.0067647
6.2826,-0.018531,0.025295,-0.0067647
6.2935,-0.018531,0.025295,-0.0067647
6.3,-0.018531,0.025295,-0.0067647
6.3043,-0.02141,0.029226,-0.0078152
6.3152,-0.020917,0.028553,-0.0076353
6.3261,-0.020917,0.028553,-0.0076353
6.337,-0.020917,0.028553,-0.0076353
6.3478,-0.020917,0.028553,-0.0076353
6.35,-0.020917,0.028553,-0.0076353
6.3587,0.027779,-0.037992,0.010213
6.3696,-0.0074653,0.01017,-0.0027049
6.3804,-0.0074653,0.01017,-0.0027049
6.3913,-0.0074653,0.01017,-0.0027049
6.4,-0.0074653,0.01017,-0.0027049
6.4022,-0.0048909,0.0066633,-0.0017724
6.412,-0.0046206,0.0062952,-0.0016745
6.413,-0.0046206,0.0062952,-0.0016745
6.4185,-0.0046206,0.0062952,-0.0016745
6.4239,-0.0046206,0.0062952,-0.0016745
6.4348,-0.0046206,0.0062952,-0.0016745
6.4457,-0.0046206,0.0062952,-0.0016745
6.45,-0.0046206,0.0062952,-0.0016745
6.4565,-0.00032317,0.00043528,-0.00011211
6.4674,-0.0022463,0.0030577,-0.00081132
6.4783,-0.0022463,0.0030577,-0.00081132
6.4891,-0.0022463,0.0030577,-0.00081132
6.5,-0.0022463,0.0030577,-0.00081132
6.5109,0.0071142,-0.0097241,0.0026098
6.5217,0.0031832,-0.0043563,0.0011731
6.5326,0.0031832,-0.0043563,0.0011731
6.5435,0.0031832,-0.0043563,0.0011731
6.55,0.0031832,-0.0043563,0.0011731
6.5543,-0.0068796,0.0093999,-0.0025203
6.5652,-0.0051561,0.0070439,-0.0018877
6.5761,-0.0051561,0.0070439,-0.0018877
6.587,-0.0051561,0.0070439,-0.0018877
6.5978,-0.0051561,0.0070439,-0.0018877
6.6,-0.0051561,0.0070439,-0.0018877
6.6087,0.033088,-0.045212,0.012124
6.6196,0.0054085,-0.0073914,0.0019829
6.6304,0.0054085,-0.0073914,0.0019829
6.6413,0.0054085,-0.0073914,0.0019829
6.65,0.0054085,-0.0073914,0.0019829
6.6522,-0.0014065,0.0019275,-0.00052098
6.6602,-0.0021219,0.0029057,-0.00078382
6.663,-0.0021219,0.0029057,-0.00078382
6.6739,-0.0021219,0.0029057,-0.00078382
6.6848,-0.0021219,0.0029057,-0.00078382
6.6957,-0.0021219,0.0029057,-0.00078382
6.7,-0.0021219,0.0029057,-0.00078382
6.7065,-0.0024524,0.0033525,-0.00090014
6.7174,-0.0023045,0.0031526,-0.00084808
6.7283,-0.0023045,0.0031526,-0.00084808
6.7391,-0.0023045,0.0031526,-0.00084808
6.75,-0.0023045,0.0031526,-0.00084808
6.7609,0.0078793,-0.010768,0.0028884
6.7717,0.0036026,-0.0049218,0.0013193
6.7826,0.0036026,-0.0049218,0.0013193
6.7935,0.0036026,-0.0049218,0.0013193
6.8,0.0036026,-0.0049218,0.0013193
6.8043,0.017249,-0.023562,0.0063125
6.8152,0.014912,-0.020369,0.0054573
6.8261,0.014912,-0.020369,0.0054573
6.837,0.014912,-0.020369,0.0054573
6.8478,0.014912,-0.020369,0.0054573
6.85,0.014912,-0.020369,0.0054573
6.8587,-0.029278,0.040036,-0.010758
6.8696,0.0027049,-0.0036829,0.00097798
6.8804,0.0027049,-0.0036829,0.00097798
6.8913,0.0027049,-0.0036829,0.00097798
6.9,0.0027049,-0.0036829,0.00097798
6.9022,-0.002234,0.0030589,-0.00082484
6.9108,-0.0027525,0.0037666,-0.0010141
6.913,-0.0027525,0.0037666,-0.0010141
6.9239,-0.0027525,0.0037666,-0.0010141
6.9348,-0.0027525,0.0037666,-0.0010141
6.9457,-0.0027525,0.0037666,-0.0010141
6.95,-0.0027525,0.0037666,-0.0010141
6.9565,-0.029831,0.040756,-0.010925
6.9674,-0.017713,0.024203,-0.0064899
6.9783,-0.017713,0.024203,-0.0064899
6.9891,-0.017713,0.024203,-0.0064899
7,-0.017713,0.024203,-0.0064899
7.0109,-0.0016979,0.0022962,-0.0005983
7.0217,-0.0084234,0.011496,-0.0030725
7.0326,-0.0084234,0.011496,-0.0030725
7.0435,-0.0084234,0.011496,-0.0030725
7.05,-0.0084234,0.011496,-0.0030725
7.0543,-0.012611,0.017217,-0.0046058
7.0652,-0.011894,0.016237,-0.0043432
7.0761,-0.011894,0.016237,-0.0043432
7.087,-0.011894,0.016237,-0.0043432
7.0978,-0.011894,0.016237,-0.0043432
7.1,-0.011894,0.016237,-0.0043432
7.1087,-0.020606,0.028131,-0.0075246
7.1196,-0.014301,0.019523,-0.005222
7.1304,-0.014301,0.019523,-0.005222
7.1413,-0.014301,0.019523,-0.005222
7.15,-0.014301,0.019523,-0.005222
7.1522,-0.010579,0.014432,-0.0038535
7.1613,-0.010188,0.013898,-0.0037098
7.163,-0.010188,0.013898,-0.0037098
7.172,-0.010188,0.013898,-0.0037098
7.1739,-0.010188,0.013898,-0.0037098
7.1836,-0.010188,0.013898,-0.0037098
7.1848,-0.010188,0.013898,-0.0037098
7.1906,-0.010188,0.013898,-0.0037098
7.1957,-0.010188,0.013898,-0.0037098
7.2,-0.010188,0.013898,-0.0037098
7.2065,0.021024,-0.028742,0.0077183
7.2174,0.007056,-0.00966,0.002604
7.2283,0.007056,-0.00966,0.002604
7.2391,0.007056,-0.00966,0.002604
7.25,0.007056,-0.00966,0.002604
7.2609,0.012657,-0.017288,0.0046306
7.2717,0.010305,-0.014084,0.0037795
7.2826,0.010305,-0.014084,0.0037795
7.2935,0.010305,-0.014084,0.0037795
7.3,0.010305,-0.014084,0.0037795
7.3043,0.018775,-0.025645,0.0068707
7.3152,0.017324,-0.023665,0.0063413
7.3261,0.017324,-0.023665,0.0063413
7.337,0.017324,-0.023665,0.0063413
7.3478,0.017324,-0.023665,0.0063413
7.35,0.017324,-0.023665,0.0063413
7.3587,0.021897,-0.029871,0.0079747
7.3696,0.018587,-0.02538,0.0067925
7.3804,0.018587,-0.02538,0.0067925
7.3913,0.018587,-0.02538,0.0067925
7.4,0.018587,-0.02538,0.0067925
7.4022,0.014041,-0.01916,0.0051196
7.4109,0.013564,-0.018507,0.0049439
7.413,0.013564,-0.018507,0.0049439
7.4239,0.013564,-0.018507,0.0049439
7.4348,0.013564,-0.018507,0.0049439
7.4457,0.013564,-0.018507,0.0049439
7.45,0.013564,-0.018507,0.0049439
7.4565,0.014569,-0.019883,0.0053141
7.4674,0.014119,-0.019267,0.0051484
7.4783,0.014119,-0.019267,0.0051484
7.4891,0.014119,-0.019267,0.0051484
7.5,0.014119,-0.019267,0.0051484
7.5109,0.012534,-0.017102,0.0045677
7.5217,0.0132,-0.018011,0.0048116
7.5326,0.0132,-0.018011,0.0048116
7.5435,0.0132,-0.018011,0.0048116
7.55,0.0132,-0.018011,0.0048116
7.5543,0.0054337,-0.007404,0.0019702
7.5652,0.0067638,-0.0092207,0.0024569
7.5761,0.0067638,-0.0092207,0.0024569
7.587,0.0067638,-0.0092207,0.0024569
7.5978,0.0067638,-0.0092207,0.0024569
7.6,0.0067638,-0.0092207,0.0024569
7.6087,0.035074,-0.047923,0.012849
7.6196,0.014584,-0.019912,0.0053276
7.6304,0.014584,-0.019912,0.0053276
7.6413,0.014584,-0.019912,0.0053276
7.65,0.014584,-0.019912,0.0053276
7.6522,0.0064962,-0.0088563,0.0023601
7.66,0.0056471,-0.0076958,0.0020486
7.663,0.0056471,-0.0076958,0.0020486
7.6739,0.0056471,-0.0076958,0.0020486
7.6848,0.0056471,-0.0076958,0.0020486
7.6957,0.0056471,-0.0076958,0.0020486
7.7,0.0056471,-0.0076958,0.0020486
7.7065,0.0045128,-0.0061577,0.0016449
7.7174,0.0050205,-0.006846,0.0018255
7.7283,0.0050205,-0.006846,0.0018255
7.7391,0.0050205,-0.006846,0.0018255
7.75,0.0050205,-0.006846,0.0018255
7.7609,-0.016206,0.022153,-0.0059469
7.7717,-0.0072918,0.0099746,-0.0026828
7.7826,-0.0072918,0.0099746,-0.0026828
7.7935,-0.0072918,0.0099746,-0.0026828
7.8,-0.0072918,0.0099746,-0.0026828
7.8043,-0.0042036,0.005741,-0.0015374
7.8152,-0.0047325,0.0064661,-0.0017336
7.8261,-0.0047325,0.0064661,-0.0017336
7.837,-0.0047325,0.0064661,-0.0017336
7.8478,-0.0047325,0.0064661,-0.0017336
7.85,-0.0047325,0.0064661,-0.0017336
7.8587,0.0017175,-0.0023595,0.00064198
7.8696,-0.0029508,0.0040281,-0.0010773
7.8804,-0.0029508,0.0040281,-0.0010773
7.8913,-0.0029508,0.0040281,-0.0010773
7.9,-0.0029508,0.0040281,-0.0010773
7.9022,-0.0047276,0.0064558,-0.0017282
7.913,-0.0049141,0.0067107,-0.0017965
7.9239,-0.0049141,0.0067107,-0.0017965
7.9348,-0.0049141,0.0067107,-0.0017965
7.9457,-0.0049141,0.0067107,-0.0017965
7.95,-0.0049141,0.0067107,-0.0017965
7.9565,-0.0080035,0.010929,-0.0029252
7.9674,-0.006621,0.0090411,-0.0024201
7.9783,-0.006621,0.0090411,-0.0024201
7.9891,-0.006621,0.0090411,-0.0024201
8,-0.006621,0.0090411,-0.0024201
8.0109,-0.0092881,0.012681,-0.0033932
8.0217,-0.008168,0.011153,-0.0029846
8.0326,-0.008168,0.011153,-0.0029846
8.0435,-0.008168,0.011153,-0.0029846
8.05,-0.008168,0.011153,-0.0029846
8.0543,0.00053938,-0.00074844,0.00020906
8.0652,-0.00095194,0.0012899,-0.00033792
8.0761,-0.00095194,0.0012899,-0.00033792
8.087,-0.00095194,0.0012899,-0.00033792
8.0978,-0.00095194,0.0012899,-0.00033792
8.1,-0.00095194,0.0012899,-0.00033792
8.1087,-0.0081787,0.011179,-0.003
8.1196,-0.0029483,0.0040216,-0.0010733
8.1304,-0.0029483,0.0040216,-0.0010733
8.1413,-0.0029483,0.0040216,-0.0010733
8.15,-0.0029483,0.0040216,-0.0010733
8.1522,0.010624,-0.014523,0.0038983
8.1592,0.012049,-0.016469,0.0044202
8.163,0.012049,-0.016469,0.0044202
8.1739,0.012049,-0.016469,0.0044202
8.1848,0.012049,-0.016469,0.0044202
8.1957,0.012049,-0.016469,0.0044202
8.2,0.012049,-0.016469,0.0044202
8.2065,-0.0025245,0.0034652,-0.00094072
8.2174,0.0039974,-0.0054557,0.0014584
8.2283,0.0039974,-0.0054557,0.0014584
8.2391,0.0039974,-0.0054557,0.0014584
8.25,0.0039974,-0.0054557,0.0014584
8.2609,-0.022999,0.031427,-0.0084288
8.2717,-0.011662,0.015938,-0.0042766
8.2826,-0.011662,0.015938,-0.0042766
8.2935,-0.011662,0.015938,-0.0042766
8.3,-0.011662,0.015938,-0.0042766
8.3043,0.0021184,-0.0029045,0.00078616
8.3152,-0.00024173,0.00032269,-8.0953e-05
8.3261,-0.00024173,0.00032269,-8.0953e-05
8.337,-0.00024173,0.00032269,-8.0953e-05
8.3478,-0.00024173,0.00032269,-8.0953e-05
8.35,-0.00024173,0.00032269,-8.0953e-05
8.3587,0.030033,-0.041028,0.010995
8.3696,0.0081215,-0.0111,0.0029786
8.3804,0.0081215,-0.0111,0.0029786
8.3913,0.0081215,-0.0111,0.0029786
8.4,0.0081215,-0.0111,0.0029786
8.4022,0.024085,-0.032904,0.008819
8.409,0.025761,-0.035193,0.0094321
8.413,0.025761,-0.035193,0.0094321
8.4239,0.025761,-0.035193,0.0094321
8.4348,0.025761,-0.035193,0.0094321
8.4457,0.025761,-0.035193,0.0094321
8.45,0.025761,-0.035193,0.0094321
8.4565,0.0051232,-0.0069652,0.001842
8.4674,0.014359,-0.019598,0.0052387
8.4783,0.014359,-0.019598,0.0052387
8.4891,0.014359,-0.019598,0.0052387
8.5,0.014359,-0.019598,0.0052387
8.5109,0.024128,-0.032943,0.0088157
8.5217,0.020025,-0.027339,0.0073135
8.5326,0.020025,-0.027339,0.0073135
8.5435,0.020025,-0.027339,0.0073135
8.55,0.020025,-0.027339,0.0073135
8.5543,0.0080731,-0.011005,0.0029317
8.5652,0.01012,-0.013802,0.0036822
8.5761,0.01012,-0.013802,0.0036822
8.587,0.01012,-0.013802,0.0036822
8.5978,0.01012,-0.013802,0.0036822
8.6,0.01012,-0.013802,0.0036822
8.6087,0.0099095,-0.013525,0.0036151
8.6196,0.010062,-0.013726,0.0036636
8.6304,0.010062,-0.013726,0.0036636
8.6413,0.010062,-0.013726,0.0036636
8.65,0.010062,-0.013726,0.0036636
8.6522,-0.0039735,0.0054491,-0.0014756
8.6591,-0.0054469,0.0074619,-0.0020151
8.663,-0.0054469,0.0074619,-0.0020151
8.6739,-0.0054469,0.0074619,-0.0020151
8.6848,-0.0054469,0.0074619,-0.0020151
8.6957,-0.0054469,0.0074619,-0.0020151
8.7,-0.0054469,0.0074619,-0.0020151
8.7065,0.0072194,-0.0098679,0.0026486
8.7174,0.001551,-0.0021126,0.00056153
8.7283,0.001551,-0.0021126,0.00056153
8.7391,0.001551,-0.0021126,0.00056153
8.75,0.001551,-0.0021126,0.00056153
8.7609,0.0026676,-0.0036463,0.00097872
8.7717,0.0021987,-0.0030022,0.00080352
8.7826,0.0021987,-0.0030022,0.00080352
8.7935,0.0021987,-0.0030022,0.00080352
8.8,0.0021987,-0.0030022,0.00080352
8.8043,-0.0072299,0.0098809,-0.002651
8.8152,-0.0056151,0.0076744,-0.0020593
8.8261,-0.0056151,0.0076744,-0.0020593
8.837,-0.0056151,0.0076744,-0.0020593
8.8478,-0.0056151,0.0076744,-0.0020593
8.85,-0.0056151,0.0076744,-0.0020593
8.8587,-0.0072377,0.0098698,-0.0026321
8.8696,-0.0060633,0.0082809,-0.0022176
8.8804,-0.0060633,0.0082809,-0.0022176
8.8913,-0.0060633,0.0082809,-0.0022176
8.9,-0.0060633,0.0082809,-0.0022176
8.9022,-0.010427,0.01424,-0.003813
8.911,-0.010885,0.014866,-0.0039805
8.913,-0.010885,0.014866,-0.0039805
8.9239,-0.010885,0.014866,-0.0039805
8.9348,-0.010885,0.014866,-0.0039805
8.9457,-0.010885,0.014866,-0.0039805
8.95,-0.010885,0.014866,-0.0039805
8.9565,-0.024683,0.033709,-0.0090252
8.9674,-0.018508,0.025276,-0.0067676
8.9783,-0.018508,0.025276,-0.0067676
8.9891,-0.018508,0.025276,-0.0067676
9,-0.018508,0.025276,-0.0067676
9.0109,-0.004806,0.0065421,-0.0017361
9.0217,-0.01056,0.014409,-0.0038491
9.0326,-0.01056,0.014409,-0.0038491
9.0435,-0.01056,0.014409,-0.0038491
9.05,-0.01056,0.014409,-0.0038491
9.0543,0.0057541,-0.0078782,0.0021241
9.0652,0.0029599,-0.004061,0.0011011
9.0761,0.0029599,-0.004061,0.0011011
9.087,0.0029599,-0.004061,0.0011011
9.0978,0.0029599,-0.004061,0.0011011
9.1,0.0029599,-0.004061,0.0011011
9.1087,0.019439,-0.026543,0.0071038
9.1196,0.007512,-0.010271,0.0027593
9.1304,0.007512,-0.010271,0.0027593
9.1413,0.007512,-0.010271,0.0027593
9.15,0.007512,-0.010271,0.0027593
9.1522,0.0063402,-0.0086627,0.0023225
9.163,0.0062172,-0.0084939,0.0022766
9.1739,0.0062172,-0.0084939,0.0022766
9.1848,0.0062172,-0.0084939,0.0022766
9.1957,0.0062172,-0.0084939,0.0022766
9.2,0.0062172,-0.0084939,0.0022766
9.2065,0.011374,-0.015531,0.0041567
9.2174,0.0090663,-0.012382,0.0033153
9.2283,0.0090663,-0.012382,0.0033153
9.2391,0.0090663,-0.012382,0.0033153
9.25,0.0090663,-0.012382,0.0033153
9.2609,0.0092413,-0.012612,0.0033707
9.2717,0.0091678,-0.012515,0.0033475
9.2826,0.0091678,-0.012515,0.0033475
9.2935,0.0091678,-0.012515,0.0033475
9.3,0.0091678,-0.012515,0.0033475
9.3043,0.00070391,-0.0009483,0.00024438
9.3152,0.0021535,-0.0029294,0.00077585
9.3261,0.0021535,-0.0029294,0.00077585
9.337,0.0021535,-0.0029294,0.00077585
9.3478,0.0021535,-0.0029294,0.00077585
9.35,0.0021535,-0.0029294,0.00077585
9.3587,0.018282,-0.024981,0.0066986
9.3696,0.006609,-0.009021,0.002412
9.3804,0.006609,-0.009021,0.002412
9.3913,0.006609,-0.009021,0.002412
9.4,0.006609,-0.009021,0.002412
9.4022,0.01171,-0.015988,0.004278
9.4107,0.012245,-0.016719,0.0044739
9.413,0.012245,-0.016719,0.0044739
9.4239,0.012245,-0.016719,0.0044739
9.4348,0.012245,-0.016719,0.0044739
9.4457,0.012245,-0.016719,0.0044739
9.45,0.012245,-0.016719,0.0044739
9.4565,0.021494,-0.029351,0.0078571
9.4674,0.017355,-0.023698,0.0063431
9.4783,0.017355,-0.023698,0.0063431
9.4891,0.017355,-0.023698,0.0063431
9.5,0.017355,-0.023698,0.0063431
9.5109,0.024628,-0.033625,0.0089969
9.5217,0.021574,-0.029456,0.0078824
9.5326,0.021574,-0.029456,0.0078824
9.5435,0.021574,-0.029456,0.0078824
9.55,0.021574,-0.029456,0.0078824
9.5543,-0.0025023,0.0034493,-0.00094705
9.5652,0.0016213,-0.0021864,0.00056518
9.5761,0.0016213,-0.0021864,0.00056518
9.587,0.0016213,-0.0021864,0.00056518
9.5978,0.0016213,-0.0021864,0.00056518
9.6,0.0016213,-0.0021864,0.00056518
9.6087,0.0006267,-0.00086175,0.00023505
9.6196,0.0013465,-0.0018205,0.00047398
9.6304,0.0013465,-0.0018205,0.00047398
9.6413,0.0013465,-0.0018205,0.00047398
9.65,0.0013465,-0.0018205,0.00047398
9.6522,-0.0029376,0.0040266,-0.0010889
9.661,-0.0033873,0.0046404,-0.001253
9.663,-0.0033873,0.0046404,-0.001253
9.6739,-0.0033873,0.0046404,-0.001253
9.6848,-0.0033873,0.0046404,-0.001253
9.6957,-0.0033873,0.0046404,-0.001253
9.7,-0.0033873,0.0046404,-0.001253
9.7065,0.010972,-0.014996,0.0040245
9.7174,0.0045459,-0.0062086,0.0016627
9.7283,0.0045459,-0.0062086,0.0016627
9.7391,0.0045459,-0.0062086,0.0016627
9.75,0.0045459,-0.0062086,0.0016627
9.7609,0.0065574,-0.008953,0.0023956
9.7717,0.0057126,-0.0078005,0.0020878
9.7826,0.0057126,-0.0078005,0.0020878
9.7935,0.0057126,-0.0078005,0.0020878
9.8,0.0057126,-0.0078005,0.0020878
9.8043,-0.0020081,0.0027504,-0.00074224
9.8152,-0.00068579,0.00094332,-0.00025753
9.8261,-0.00068579,0.00094332,-0.00025753
9.837,-0.00068579,0.00094332,-0.00025753
9.8478,-0.00068579,0.00094332,-0.00025753
9.85,-0.00068579,0.00094332,-0.00025753
9.8587,0.017938,-0.024518,0.0065802
9.8696,0.0044589,-0.0060902,0.0016313
9.8804,0.0044589,-0.0060902,0.0016313
9.8913,0.0044589,-0.0060902,0.0016313
9.9,0.0044589,-0.0060902,0.0016313
9.9022,0.0077409,-0.01057,0.0028294
9.9115,0.0080854,-0.011041,0.0029551
9.913,0.0080854,-0.011041,0.0029551
9.9208,0.0080854,-0.011041,0.0029551
9.9239,0.0080854,-0.011041,0.0029551
9.9348,0.0080854,-0.011041,0.0029551
9.9457,0.0080854,-0.011041,0.0029551
9.95,0.0080854,-0.011041,0.0029551
9.9565,-0.0012361,0.0017007,-0.0004646
9.9674,0.0029354,-0.0040012,0.0010658
9.9783,0.0029354,-0.0040012,0.0010658
9.9891,0.0029354,-0.0040012,0.0010658
10,0.0029354,-0.0040012,0.0010658
