0,0,0,0
3.0521e-05,0,0,0
0.00018313,0,0,0
0.00094616,0,0,0
0.0026037,0,0,0
0.0029044,0,0,0
0.0032052,0.65765,1.3153,0
0.0034678,0.65765,1.3153,0
0.004781,0.65765,1.3153,0
0.01087,0.65765,1.3153,0
0.021739,0.65765,1.3153,0
0.032609,0.65765,1.3153,0
0.043478,0.65765,1.3153,0
0.05,0.65765,1.3153,0
0.054348,0.48021,0.97377,0
0.061525,0.5106,1.0323,0
0.065217,0.5106,1.0323,0
0.076087,0.5106,1.0323,0
0.086957,0.5106,1.0323,0
0.097826,0.5106,1.0323,0
0.1,0.5106,1.0323,0
0.1087,0.012548,0.095532,0
0.11957,0.37302,0.7735,0
0.13043,0.37302,0.7735,0
0.1413,0.37302,0.7735,0
0.15,0.37302,0.7735,0
0.15217,0.31061,0.6408,0
0.15727,0.30406,0.62687,0
0.16304,0.30406,0.62687,0
0.17391,0.30406,0.62687,0
0.18478,0.30406,0.62687,0
0.19565,0.30406,0.62687,0
0.2,0.30406,0.62687,0
0.20652,0.16056,0.35839,0
0.21739,0.22478,0.47854,0
0.22826,0.22478,0.47854,0
0.23913,0.22478,0.47854,0
0.25,0.22478,0.47854,0
0.26087,0.12506,0.29205,0
0.27174,0.16694,0.37037,0
0.28261,0.16694,0.37037,0
0.29348,0.16694,0.37037,0
0.3,0.16694,0.37037,0
0.30435,0.13986,0.29815,0
0.31522,0.1445,0.31052,0
0.32609,0.1445,0.31052,0
0.33696,0.1445,0.31052,0
0.34783,0.1445,0.31052,0
0.35,0.1445,0.31052,0
0.3587,0.063994,0.1216,0
0.36957,0.12226,0.25833,0
0.38043,0.12226,0.25833,0
0.3913,0.12226,0.25833,0
0.4,0.12226,0.25833,0
0.40217,0.10997,0.22797,0
0.40908,0.10868,0.22478,0
0.41304,0.10868,0.22478,0
0.42391,0.10868,0.22478,0
0.43478,0.10868,0.22478,0
0.44565,0.10868,0.22478,0
0.45,0.10868,0.22478,0
0.45652,0.067241,0.14905,0
0.46739,0.085784,0.18294,0
0.47826,0.085784,0.18294,0
0.48913,0.085784,0.18294,0
0.5,0.085784,0.18294,0
0.51087,0.059936,0.13184,0
0.52174,0.070791,0.1533,0
0.53261,0.070791,0.1533,0
0.54348,0.070791,0.1533,0
0.55,0.070791,0.1533,0
0.55435,0.058667,0.1271,0
0.56522,0.060744,0.13159,0
0.57609,0.060744,0.13159,0
0.58696,0.060744,0.13159,0
0.59783,0.060744,0.13159,0
0.6,0.060744,0.13159,0
0.6087,0.006473,0.040715,0
0.61957,0.045752,0.10648,0
0.63043,0.045752,0.10648,0
0.6413,0.045752,0.10648,0
0.65,0.045752,0.10648,0
0.65217,0.042944,0.09705,0
0.66087,0.042649,0.09606,0
0.66304,0.042649,0.09606,0
0.67391,0.042649,0.09606,0
0.68478,0.042649,0.09606,0
0.69565,0.042649,0.09606,0
0.7,0.042649,0.09606,0
0.70652,0.048968,0.089082,0
0.71739,0.04614,0.092205,0
0.72826,0.04614,0.092205,0
0.73913,0.04614,0.092205,0
0.75,0.04614,0.092205,0
0.76087,0.029441,0.06514,0
0.77174,0.036454,0.076506,0
0.78261,0.036454,0.076506,0
0.79348,0.036454,0.076506,0
0.8,0.036454,0.076506,0
0.80435,0.031275,0.065234,0
0.81522,0.032162,0.067164,0
0.82609,0.032162,0.067164,0
0.83696,0.032162,0.067164,0
0.84783,0.032162,0.067164,0
0.85,0.032162,0.067164,0
0.8587,0.074389,0.092927,0
0.86957,0.043827,0.074281,0
0.88043,0.043827,0.074281,0
0.8913,0.043827,0.074281,0
0.9,0.043827,0.074281,0
0.90217,0.041165,0.068514,0
0.91177,0.040885,0.067908,0
0.91304,0.040885,0.067908,0
0.91942,0.040885,0.067908,0
0.92391,0.040885,0.067908,0
0.93478,0.040885,0.067908,0
0.94565,0.040885,0.067908,0
0.95,0.040885,0.067908,0
0.95652,0.044604,0.065247,0
0.96739,0.04294,0.066438,0
0.97826,0.04294,0.066438,0
0.98913,0.04294,0.066438,0
1,0.04294,0.066438,0
1.0109,0.022369,0.04078,0
1.0217,0.031007,0.051555,0
1.0326,0.031007,0.051555,0
1.0435,0.031007,0.051555,0
1.05,0.031007,0.051555,0
1.0543,0.012506,0.03002,0
1.0652,0.015675,0.033708,0
1.0761,0.015675,0.033708,0
1.087,0.015675,0.033708,0
1.0978,0.015675,0.033708,0
1.1,0.015675,0.033708,0
1.1087,0.046083,0.055848,0
1.1196,0.024075,0.039824,0
1.1304,0.024075,0.039824,0
1.1413,0.024075,0.039824,0
1.15,0.024075,0.039824,0
1.1522,0.012411,0.026574,0
1.1595,0.011186,0.025183,0
1.163,0.011186,0.025183,0
1.1739,0.011186,0.025183,0
1.1848,0.011186,0.025183,0
1.1957,0.011186,0.025183,0
1.2,0.011186,0.025183,0
1.2065,0.021628,0.032383,0
1.2174,0.016955,0.029161,0
1.2283,0.016955,0.029161,0
1.2391,0.016955,0.029161,0
1.25,0.016955,0.029161,0
1.2609,0.023967,0.033554,0
1.2717,0.021023,0.031709,0
1.2826,0.021023,0.031709,0
1.2935,0.021023,0.031709,0
1.3,0.021023,0.031709,0
1.3043,0.014589,0.023702,0
1.3152,0.015691,0.025074,0
1.3261,0.015691,0.025074,0
1.337,0.015691,0.025074,0
1.3478,0.015691,0.025074,0
1.35,0.015691,0.025074,0
1.3587,0.033784,0.038883,0
1.3696,0.020689,0.028888,0
1.3804,0.020689,0.028888,0
1.3913,0.020689,0.028888,0
1.4,0.020689,0.028888,0
1.4022,0.012644,0.020017,0
1.4101,0.0118,0.019085,0
1.413,0.0118,0.019085,0
1.4239,0.0118,0.019085,0
1.4348,0.0118,0.019085,0
1.4457,0.0118,0.019085,0
1.45,0.0118,0.019085,0
1.4565,0.0022492,0.0078451,0
1.4674,0.0065233,0.012875,0
1.4783,0.0065233,0.012875,0
1.4891,0.0065233,0.012875,0
1.5,0.0065233,0.012875,0
1.5109,3.716e-05,0.0050351,0
1.5217,0.002761,0.0083276,0
1.5326,0.002761,0.0083276,0
1.5435,0.002761,0.0083276,0
1.55,0.002761,0.0083276,0
1.5543,0.011594,0.016357,0
1.5652,0.010082,0.014982,0
1.5761,0.010082,0.014982,0
1.587,0.010082,0.014982,0
1.5978,0.010082,0.014982,0
1.6,0.010082,0.014982,0
1.6087,0.0030045,0.0056545,0
1.6196,0.0081266,0.012405,0
1.6304,0.0081266,0.012405,0
1.6413,0.0081266,0.012405,0
1.65,0.0081266,0.012405,0
1.6522,0.016418,0.020272,0
1.66,0.017288,0.021098,0
1.663,0.017288,0.021098,0
1.6739,0.017288,0.021098,0
1.6848,0.017288,0.021098,0
1.6957,0.017288,0.021098,0
1.7,0.017288,0.021098,0
1.7065,0.015336,0.018246,0
1.7174,0.01621,0.019522,0
1.7283,0.01621,0.019522,0
1.7391,0.01621,0.019522,0
1.75,0.01621,0.019522,0
1.7609,0.0020087,0.0046051,0
1.7717,0.0079724,0.01087,0
1.7826,0.0079724,0.01087,0
1.7935,0.0079724,0.01087,0
1.8,0.0079724,0.01087,0
1.8043,-0.010172,-0.0077027,0
1.8152,-0.007064,-0.0045218,0
1.8261,-0.007064,-0.0045218,0
1.837,-0.007064,-0.0045218,0
1.8478,-0.007064,-0.0045218,0
1.85,-0.007064,-0.0045218,0
1.8587,0.027117,0.028558,0
1.8696,0.0023783,0.0046161,0
1.8804,0.0023783,0.0046161,0
1.8913,0.0023783,0.0046161,0
1.9,0.0023783,0.0046161,0
1.9022,-0.012359,-0.010351,0
1.9092,-0.013906,-0.011922,0
1.913,-0.013906,-0.011922,0
1.9239,-0.013906,-0.011922,0
1.9348,-0.013906,-0.011922,0
1.9457,-0.013906,-0.011922,0
1.95,-0.013906,-0.011922,0
1.9565,-0.0024878,-0.00093791,0
1.9674,-0.0075976,-0.0058533,0
1.9783,-0.0075976,-0.0058533,0
1.9891,-0.0075976,-0.0058533,0
2,-0.0075976,-0.0058533,0
2.0109,-0.026359,-0.024985,0
2.0217,-0.01848,-0.01695,0
2.0326,-0.01848,-0.01695,0
2.0435,-0.01848,-0.01695,0
2.05,-0.01848,-0.01695,0
2.0543,-0.023281,-0.021964,0
2.0652,-0.022459,-0.021105,0
2.0761,-0.022459,-0.021105,0
2.087,-0.022459,-0.021105,0
2.0978,-0.022459,-0.021105,0
2.1,-0.022459,-0.021105,0
2.1087,-0.04105,-0.040278,0
2.1196,-0.027594,-0.026402,0
2.1304,-0.027594,-0.026402,0
2.1413,-0.027594,-0.026402,0
2.15,-0.027594,-0.026402,0
2.1522,-0.028772,-0.027686,0
2.163,-0.028896,-0.027821,0
2.1739,-0.028896,-0.027821,0
2.1848,-0.028896,-0.027821,0
2.1957,-0.028896,-0.027821,0
2.2,-0.028896,-0.027821,0
2.2065,-0.014843,-0.013997,0
2.2174,-0.021132,-0.020184,0
2.2283,-0.021132,-0.020184,0
2.2391,-0.021132,-0.020184,0
2.25,-0.021132,-0.020184,0
2.2609,-0.027127,-0.026383,0
2.2717,-0.024609,-0.02378,0
2.2826,-0.024609,-0.02378,0
2.2935,-0.024609,-0.02378,0
2.3,-0.024609,-0.02378,0
2.3043,-0.027797,-0.027083,0
2.3152,-0.027251,-0.026518,0
2.3261,-0.027251,-0.026518,0
2.337,-0.027251,-0.026518,0
2.3478,-0.027251,-0.026518,0
2.35,-0.027251,-0.026518,0
2.3587,0.043392,0.043837,0
2.3696,-0.0077362,-0.0070826,0
2.3804,-0.0077362,-0.0070826,0
2.3913,-0.0077362,-0.0070826,0
2.4,-0.0077362,-0.0070826,0
2.4022,-0.0026239,-0.0020483,0
2.4108,-0.0020873,-0.0015198,0
2.413,-0.0020873,-0.0015198,0
2.4239,-0.0020873,-0.0015198,0
2.4348,-0.0020873,-0.0015198,0
2.4457,-0.0020873,-0.0015198,0
2.45,-0.0020873,-0.0015198,0
2.4565,-0.012955,-0.012541,0
2.4674,-0.0080918,-0.0076091,0
2.4783,-0.0080918,-0.0076091,0
2.4891,-0.0080918,-0.0076091,0
2.5,-0.0080918,-0.0076091,0
2.5109,0.0044388,0.0048227,0
2.5217,-0.00082346,-0.00039808,0
2.5326,-0.00082346,-0.00039808,0
2.5435,-0.00082346,-0.00039808,0
2.55,-0.00082346,-0.00039808,0
2.5543,-0.001454,-0.001096,0
2.5652,-0.001346,-0.00097643,0
2.5761,-0.001346,-0.00097643,0
2.587,-0.001346,-0.00097643,0
2.5978,-0.001346,-0.00097643,0
2.6,-0.001346,-0.00097643,0
2.6087,0.0071546,0.0073465,0
2.6196,0.0010022,0.0013227,0
2.6304,0.0010022,0.0013227,0
2.6413,0.0010022,0.0013227,0
2.65,0.0010022,0.0013227,0
2.6522,-0.007546,-0.0072642,0
2.66,-0.0084433,-0.0081655,0
2.663,-0.0084433,-0.0081655,0
2.6739,-0.0084433,-0.0081655,0
2.6848,-0.0084433,-0.0081655,0
2.6957,-0.0084433,-0.0081655,0
2.7,-0.0084433,-0.0081655,0
2.7065,-0.035095,-0.034879,0
2.7174,-0.023168,-0.022924,0
2.7283,-0.023168,-0.022924,0
2.7391,-0.023168,-0.022924,0
2.75,-0.023168,-0.022924,0
2.7609,-0.00775,-0.0075211,0
2.7717,-0.014225,-0.01399,0
2.7826,-0.014225,-0.01399,0
2.7935,-0.014225,-0.01399,0
2.8,-0.014225,-0.01399,0
2.8043,-0.003571,-0.0033637,0
2.8152,-0.0053957,-0.0051836,0
2.8261,-0.0053957,-0.0051836,0
2.837,-0.0053957,-0.0051836,0
2.8478,-0.0053957,-0.0051836,0
2.85,-0.0053957,-0.0051836,0
2.8587,-0.0050726,-0.0049681,0
2.8696,-0.0053064,-0.0051241,0
2.8804,-0.0053064,-0.0051241,0
2.8913,-0.0053064,-0.0051241,0
2.9,-0.0053064,-0.0051241,0
2.9022,-0.0080302,-0.0078668,0
2.912,-0.0083161,-0.0081547,0
2.913,-0.0083161,-0.0081547,0
2.9185,-0.0083161,-0.0081547,0
2.9239,-0.0083161,-0.0081547,0
2.9348,-0.0083161,-0.0081547,0
2.9457,-0.0083161,-0.0081547,0
2.95,-0.0083161,-0.0081547,0
2.9565,-0.0034302,-0.0032996,0
2.9674,-0.0056167,-0.0054724,0
2.9783,-0.0056167,-0.0054724,0
2.9891,-0.0056167,-0.0054724,0
3,-0.0056167,-0.0054724,0
3.0109,-0.0046745,-0.0045648,0
3.0217,-0.0050702,-0.0049459,0
3.0326,-0.0050702,-0.0049459,0
3.0435,-0.0050702,-0.0049459,0
3.05,-0.0050702,-0.0049459,0
3.0543,0.0066371,0.0067477,0
3.0652,0.004632,0.0047449,0
3.0761,0.004632,0.0047449,0
3.087,0.004632,0.0047449,0
3.0978,0.004632,0.0047449,0
3.1,0.004632,0.0047449,0
3.1087,0.032025,0.032078,0
3.1196,0.012199,0.012296,0
3.1304,0.012199,0.012296,0
3.1413,0.012199,0.012296,0
3.15,0.012199,0.012296,0
3.1522,0.0079431,0.0080158,0
3.1611,0.0074964,0.0075665,0
3.163,0.0074964,0.0075665,0
3.1727,0.0074964,0.0075665,0
3.1739,0.0074964,0.0075665,0
3.1802,0.0074964,0.0075665,0
3.1848,0.0074964,0.0075665,0
3.1957,0.0074964,0.0075665,0
3.2,0.0074964,0.0075665,0
3.2065,0.024635,0.024688,0
3.2174,0.016965,0.017026,0
3.2283,0.016965,0.017026,0
3.2391,0.016965,0.017026,0
3.25,0.016965,0.017026,0
3.2609,-0.0034992,-0.0034749,0
3.2717,0.0050948,0.0051344,0
3.2826,0.0050948,0.0051344,0
3.2935,0.0050948,0.0051344,0
3.3,0.0050948,0.0051344,0
3.3043,0.00045224,0.00048878,0
3.3152,0.0012474,0.0012844,0
3.3261,0.0012474,0.0012844,0
3.337,0.0012474,0.0012844,0
3.3478,0.0012474,0.0012844,0
3.35,0.0012474,0.0012844,0
3.3587,0.04526,0.045319,0
3.3696,0.013406,0.013449,0
3.3804,0.013406,0.013449,0
3.3913,0.013406,0.013449,0
3.4,0.013406,0.013449,0
3.4022,0.0040969,0.0041197,0
3.4098,0.0031198,0.0031404,0
3.413,0.0031198,0.0031404,0
3.4239,0.0031198,0.0031404,0
3.4348,0.0031198,0.0031404,0
3.4457,0.0031198,0.0031404,0
3.45,0.0031198,0.0031404,0
3.4565,0.0087618,0.0087886,0
3.4674,0.0062369,0.0062609,0
3.4783,0.0062369,0.0062609,0
3.4891,0.0062369,0.0062609,0
3.5,0.0062369,0.0062609,0
3.5109,-0.0072407,-0.0072281,0
3.5217,-0.0015807,-0.0015633,0
3.5326,-0.0015807,-0.0015633,0
3.5435,-0.0015807,-0.0015633,0
3.55,-0.0015807,-0.0015633,0
3.5543,-0.0017021,-0.0016777,0
3.5652,-0.0016813,-0.0016581,0
3.5761,-0.0016813,-0.0016581,0
3.587,-0.0016813,-0.0016581,0
3.5978,-0.0016813,-0.0016581,0
3.6,-0.0016813,-0.0016581,0
3.6087,0.0006859,0.00071939,0
3.6196,-0.0010274,-0.0010013,0
3.6304,-0.0010274,-0.0010013,0
3.6413,-0.0010274,-0.0010013,0
3.65,-0.0010274,-0.0010013,0
3.6522,0.0027344,0.0027598,0
3.6613,0.0031293,0.0031546,0
3.663,0.0031293,0.0031546,0
3.6715,0.0031293,0.0031546,0
3.6739,0.0031293,0.0031546,0
3.6848,0.0031293,0.0031546,0
3.6957,0.0031293,0.0031546,0
3.7,0.0031293,0.0031546,0
3.7065,-0.0088215,-0.00881,0
3.7174,-0.0034734,-0.0034557,0
3.7283,-0.0034734,-0.0034557,0
3.7391,-0.0034734,-0.0034557,0
3.75,-0.0034734,-0.0034557,0
3.7609,-0.0097098,-0.0096911,0
3.7717,-0.0070908,-0.0070725,0
3.7826,-0.0070908,-0.0070725,0
3.7935,-0.0070908,-0.0070725,0
3.8,-0.0070908,-0.0070725,0
3.8043,-0.016446,-0.016427,0
3.8152,-0.014843,-0.014825,0
3.8261,-0.014843,-0.014825,0
3.837,-0.014843,-0.014825,0
3.8478,-0.014843,-0.014825,0
3.85,-0.014843,-0.014825,0
3.8587,-0.042187,-0.042145,0
3.8696,-0.022397,-0.022372,0
3.8804,-0.022397,-0.022372,0
3.8913,-0.022397,-0.022372,0
3.9,-0.022397,-0.022372,0
3.9022,-0.020392,-0.020361,0
3.913,-0.020182,-0.02015,0
3.9239,-0.020182,-0.02015,0
3.9348,-0.020182,-0.02015,0
3.9457,-0.020182,-0.02015,0
3.95,-0.020182,-0.02015,0
3.9565,-0.017141,-0.017101,0
3.9674,-0.018502,-0.018465,0
3.9783,-0.018502,-0.018465,0
3.9891,-0.018502,-0.018465,0
4,-0.018502,-0.018465,0
4.0109,-0.029645,-0.029611,0
4.0217,-0.024965,-0.024931,0
4.0326,-0.024965,-0.024931,0
4.0435,-0.024965,-0.024931,0
4.05,-0.024965,-0.024931,0
4.0543,-0.015557,-0.015511,0
4.0652,-0.017168,-0.017124,0
4.0761,-0.017168,-0.017124,0
4.087,-0.017168,-0.017124,0
4.0978,-0.017168,-0.017124,0
4.1,-0.017168,-0.017124,0
4.1087,-0.023809,-0.023786,0
4.1196,-0.019003,-0.018964,0
4.1304,-0.019003,-0.018964,0
4.1413,-0.019003,-0.018964,0
4.15,-0.019003,-0.018964,0
4.1522,-0.01813,-0.018093,0
4.163,-0.018038,-0.018002,0
4.1739,-0.018038,-0.018002,0
4.1848,-0.018038,-0.018002,0
4.1957,-0.018038,-0.018002,0
4.2,-0.018038,-0.018002,0
4.2065,-0.0036812,-0.0036463,0
4.2174,-0.010106,-0.010071,0
4.2283,-0.010106,-0.010071,0
4.2391,-0.010106,-0.010071,0
4.25,-0.010106,-0.010071,0
4.2609,-0.0014475,-0.0014265,0
4.2717,-0.0050837,-0.0050566,0
4.2826,-0.0050837,-0.0050566,0
4.2935,-0.0050837,-0.0050566,0
4.3,-0.0050837,-0.0050566,0
4.3043,-0.015548,-0.015534,0
4.3152,-0.013755,-0.013739,0
4.3261,-0.013755,-0.013739,0
4.337,-0.013755,-0.013739,0
4.3478,-0.013755,-0.013739,0
4.35,-0.013755,-0.013739,0
4.3587,0.032155,0.032193,0
4.3696,-0.0010731,-0.0010508,0
4.3804,-0.0010731,-0.0010508,0
4.3913,-0.0010731,-0.0010508,0
4.4,-0.0010731,-0.0010508,0
4.4022,0.0031219,0.0031348,0
4.4111,0.0035623,0.0035742,0
4.413,0.0035623,0.0035742,0
4.4225,0.0035623,0.0035742,0
4.4239,0.0035623,0.0035742,0
4.4309,0.0035623,0.0035742,0
4.4348,0.0035623,0.0035742,0
4.4457,0.0035623,0.0035742,0
4.45,0.0035623,0.0035742,0
4.4565,-0.018551,-0.018561,0
4.4674,-0.0086548,-0.0086553,0
4.4783,-0.0086548,-0.0086553,0
4.4891,-0.0086548,-0.0086553,0
4.5,-0.0086548,-0.0086553,0
4.5109,0.0083625,0.0083796,0
4.5217,0.001216,0.0012257,0
4.5326,0.001216,0.0012257,0
4.5435,0.001216,0.0012257,0
4.55,0.001216,0.0012257,0
4.5543,0.0087084,0.0087111,0
4.5652,0.0074251,0.007429,0
4.5761,0.0074251,0.007429,0
4.587,0.0074251,0.007429,0
4.5978,0.0074251,0.007429,0
4.6,0.0074251,0.007429,0
4.6087,-0.015302,-0.01532,0
4.6196,0.0011468,0.0011448,0
4.6304,0.0011468,0.0011448,0
4.6413,0.0011468,0.0011448,0
4.65,0.0011468,0.0011448,0
4.6522,0.0012681,0.0012696,0
4.663,0.0012809,0.0012827,0
4.6739,0.0012809,0.0012827,0
4.6848,0.0012809,0.0012827,0
4.6957,0.0012809,0.0012827,0
4.7,0.0012809,0.0012827,0
4.7065,0.0030122,0.0030125,0
4.7174,0.0022374,0.0022384,0
4.7283,0.0022374,0.0022384,0
4.7391,0.0022374,0.0022384,0
4.75,0.0022374,0.0022384,0
4.7609,-0.015514,-0.015522,0
4.7717,-0.0080591,-0.0080632,0
4.7826,-0.0080591,-0.0080632,0
4.7935,-0.0080591,-0.0080632,0
4.8,-0.0080591,-0.0080632,0
4.8043,-0.0031053,-0.0030979,0
4.8152,-0.0039537,-0.0039483,0
4.8261,-0.0039537,-0.0039483,0
4.837,-0.0039537,-0.0039483,0
4.8478,-0.0039537,-0.0039483,0
4.85,-0.0039537,-0.0039483,0
4.8587,-0.042036,-0.042037,0
4.8696,-0.014474,-0.01447,0
4.8804,-0.014474,-0.01447,0
4.8913,-0.014474,-0.01447,0
4.9,-0.014474,-0.01447,0
4.9022,-0.011118,-0.011102,0
4.9116,-0.010766,-0.010748,0
4.913,-0.010766,-0.010748,0
4.9205,-0.010766,-0.010748,0
4.9239,-0.010766,-0.010748,0
4.9348,-0.010766,-0.010748,0
4.9457,-0.010766,-0.010748,0
4.95,-0.010766,-0.010748,0
4.9565,0.0010936,0.0011139,0
4.9674,-0.0042136,-0.0041946,0
4.9783,-0.0042136,-0.0041946,0
4.9891,-0.0042136,-0.0041946,0
5,-0.0042136,-0.0041946,0
5.0109,0.0027317,0.0027454,0
5.0217,-0.00018502,-0.00016906,0
5.0326,-0.00018502,-0.00016906,0
5.0435,-0.00018502,-0.00016906,0
5.05,-0.00018502,-0.00016906,0
5.0543,-0.006521,-0.0065145,0
5.0652,-0.0054358,-0.0054277,0
5.0761,-0.0054358,-0.0054277,0
5.087,-0.0054358,-0.0054277,0
5.0978,-0.0054358,-0.0054277,0
5.1,-0.0054358,-0.0054277,0
5.1087,-0.042133,-0.042129,0
5.1196,-0.015573,-0.015566,0
5.1304,-0.015573,-0.015566,0
5.1413,-0.015573,-0.015566,0
5.15,-0.015573,-0.015566,0
5.1522,-0.0092827,-0.0092644,0
5.1604,-0.0086224,-0.0086029,0
5.163,-0.0086224,-0.0086029,0
5.1739,-0.0086224,-0.0086029,0
5.1848,-0.0086224,-0.0086029,0
5.1957,-0.0086224,-0.0086029,0
5.2,-0.0086224,-0.0086029,0
5.2065,0.0020486,0.0020638,0
5.2174,-0.0027268,-0.0027097,0
5.2283,-0.0027268,-0.0027097,0
5.2391,-0.0027268,-0.0027097,0
5.25,-0.0027268,-0.0027097,0
5.2609,-0.0062078,-0.0062043,0
5.2717,-0.0047459,-0.0047368,0
5.2826,-0.0047459,-0.0047368,0
5.2935,-0.0047459,-0.0047368,0
5.3,-0.0047459,-0.0047368,0
5.3043,-0.00017366,-0.00016326,0
5.3152,-0.00095676,-0.00094657,0
5.3261,-0.00095676,-0.00094657,0
5.337,-0.00095676,-0.00094657,0
5.3478,-0.00095676,-0.00094657,0
5.35,-0.00095676,-0.00094657,0
5.3587,-0.021798,-0.021819,0
5.3696,-0.006714,-0.0067124,0
5.3804,-0.006714,-0.0067124,0
5.3913,-0.006714,-0.0067124,0
5.4,-0.006714,-0.0067124,0
5.4022,-0.010572,-0.010565,0
5.4113,-0.010977,-0.01097,0
5.413,-0.010977,-0.01097,0
5.4218,-0.010977,-0.01097,0
5.4239,-0.010977,-0.01097,0
5.4348,-0.010977,-0.01097,0
5.4457,-0.010977,-0.01097,0
5.45,-0.010977,-0.01097,0
5.4565,-0.0090686,-0.0090544,0
5.4674,-0.0099225,-0.0099115,0
5.4783,-0.0099225,-0.0099115,0
5.4891,-0.0099225,-0.0099115,0
5.5,-0.0099225,-0.0099115,0
5.5109,-0.012829,-0.012821,0
5.5217,-0.011609,-0.011599,0
5.5326,-0.011609,-0.011599,0
5.5435,-0.011609,-0.011599,0
5.55,-0.011609,-0.011599,0
5.5543,0.0022128,0.0022312,0
5.5652,-0.00015437,-0.00013751,0
5.5761,-0.00015437,-0.00013751,0
5.587,-0.00015437,-0.00013751,0
5.5978,-0.00015437,-0.00013751,0
5.6,-0.00015437,-0.00013751,0
5.6087,-0.0081896,-0.0082,0
5.6196,-0.0023741,-0.0023647,0
5.6304,-0.0023741,-0.0023647,0
5.6413,-0.0023741,-0.0023647,0
5.65,-0.0023741,-0.0023647,0
5.6522,-0.0040239,-0.0040178,0
5.663,-0.004197,-0.0041913,0
5.6739,-0.004197,-0.0041913,0
5.6848,-0.004197,-0.0041913,0
5.6957,-0.004197,-0.0041913,0
5.7,-0.004197,-0.0041913,0
5.7065,0.010522,0.010533,0
5.7174,0.0039351,0.0039435,0
5.7283,0.0039351,0.0039435,0
5.7391,0.0039351,0.0039435,0
5.75,0.0039351,0.0039435,0
5.7609,0.014611,0.014609,0
5.7717,0.010128,0.01013,0
5.7826,0.010128,0.01013,0
5.7935,0.010128,0.01013,0
5.8,0.010128,0.01013,0
5.8043,0.009439,0.0094327,0
5.8152,0.0095569,0.0095521,0
5.8261,0.0095569,0.0095521,0
5.837,0.0095569,0.0095521,0
5.8478,0.0095569,0.0095521,0
5.85,0.0095569,0.0095521,0
5.8587,-0.02852,-0.028554,0
5.8696,-0.00096157,-0.00097438,0
5.8804,-0.00096157,-0.00097438,0
5.8913,-0.00096157,-0.00097438,0
5.9,-0.00096157,-0.00097438,0
5.9022,-0.0089259,-0.0089318,0
5.9101,-0.0097619,-0.0097671,0
5.913,-0.0097619,-0.0097671,0
5.9239,-0.0097619,-0.0097671,0
5.9348,-0.0097619,-0.0097671,0
5.9457,-0.0097619,-0.0097671,0
5.95,-0.0097619,-0.0097671,0
5.9565,0.0043613,0.0043789,0
5.9674,-0.001959,-0.0019516,0
5.9783,-0.001959,-0.0019516,0
5.9891,-0.001959,-0.0019516,0
6,-0.001959,-0.0019516,0
6.0109,-0.019729,-0.01973,0
6.0217,-0.012267,-0.012264,0
6.0326,-0.012267,-0.012264,0
6.0435,-0.012267,-0.012264,0
6.05,-0.012267,-0.012264,0
6.0543,0.0013526,0.0013706,0
6.0652,-0.00098002,-0.00096463,0
6.0761,-0.00098002,-0.00096463,0
6.087,-0.00098002,-0.00096463,0
6.0978,-0.00098002,-0.00096463,0
6.1,-0.00098002,-0.00096463,0
6.1087,-0.03908,-0.039102,0
6.1196,-0.011505,-0.0115,0
6.1304,-0.011505,-0.0115,0
6.1413,-0.011505,-0.0115,0
6.15,-0.011505,-0.0115,0
6.1522,-0.014745,-0.014731,0
6.1616,-0.015085,-0.01507,0
6.163,-0.015085,-0.01507,0
6.1701,-0.015085,-0.01507,0
6.1739,-0.015085,-0.01507,0
6.1848,-0.015085,-0.01507,0
6.1957,-0.015085,-0.01507,0
6.2,-0.015085,-0.01507,0
6.2065,-0.012939,-0.012916,0
6.2174,-0.0139,-0.01388,0
6.2283,-0.0139,-0.01388,0
6.2391,-0.0139,-0.01388,0
6.25,-0.0139,-0.01388,0
6.2609,-0.023821,-0.023797,0
6.2717,-0.019655,-0.019633,0
6.2826,-0.019655,-0.019633,0
6.2935,-0.019655,-0.019633,0
6.3,-0.019655,-0.019633,0
6.3043,-0.022709,-0.022683,0
6.3152,-0.022186,-0.02216,0
6.3261,-0.022186,-0.02216,0
6.337,-0.022186,-0.02216,0
6.3478,-0.022186,-0.02216,0
6.35,-0.022186,-0.02216,0
6.3587,0.029464,0.029519,0
6.3696,-0.0079181,-0.0078843,0
6.3804,-0.0079181,-0.0078843,0
6.3913,-0.0079181,-0.0078843,0
6.4,-0.0079181,-0.0078843,0
6.4022,-0.0051875,-0.0051658,0
6.412,-0.0049009,-0.0048804,0
6.413,-0.0049009,-0.0048804,0
6.4185,-0.0049009,-0.0048804,0
6.4239,-0.0049009,-0.0048804,0
6.4348,-0.0049009,-0.0048804,0
6.4457,-0.0049009,-0.0048804,0
6.45,-0.0049009,-0.0048804,0
6.4565,-0.00034277,-0.0003352,0
6.4674,-0.0023826,-0.0023693,0
6.4783,-0.0023826,-0.0023693,0
6.4891,-0.0023826,-0.0023693,0
6.5,-0.0023826,-0.0023693,0
6.5109,0.0075458,0.0075529,0
6.5217,0.0033763,0.0033861,0
6.5326,0.0033763,0.0033861,0
6.5435,0.0033763,0.0033861,0
6.55,0.0033763,0.0033861,0
6.5543,-0.0072969,-0.0072996,0
6.5652,-0.0054689,-0.0054695,0
6.5761,-0.0054689,-0.0054695,0
6.587,-0.0054689,-0.0054695,0
6.5978,-0.0054689,-0.0054695,0
6.6,-0.0054689,-0.0054695,0
6.6087,0.035095,0.035111,0
6.6196,0.0057366,0.0057405,0
6.6304,0.0057366,0.0057405,0
6.6413,0.0057366,0.0057405,0
6.65,0.0057366,0.0057405,0
6.6522,-0.0014918,-0.0014994,0
6.6602,-0.0022506,-0.0022593,0
6.663,-0.0022506,-0.0022593,0
6.6739,-0.0022506,-0.0022593,0
6.6848,-0.0022506,-0.0022593,0
6.6957,-0.0022506,-0.0022593,0
6.7,-0.0022506,-0.0022593,0
6.7065,-0.0026011,-0.0026042,0
6.7174,-0.0024443,-0.0024499,0
6.7283,-0.0024443,-0.0024499,0
6.7391,-0.0024443,-0.0024499,0
6.75,-0.0024443,-0.0024499,0
6.7609,0.0083572,0.0083626,0
6.7717,0.0038211,0.0038219,0
6.7826,0.0038211,0.0038219,0
6.7935,0.0038211,0.0038219,0
6.8,0.0038211,0.0038219,0
6.8043,0.018296,0.018294,0
6.8152,0.015817,0.015816,0
6.8261,0.015817,0.015816,0
6.837,0.015817,0.015816,0
6.8478,0.015817,0.015816,0
6.85,0.015817,0.015816,0
6.8587,-0.031054,-0.031104,0
6.8696,0.002869,0.0028542,0
6.8804,0.002869,0.0028542,0
6.8913,0.002869,0.0028542,0
6.9,0.002869,0.0028542,0
6.9022,-0.0023696,-0.0023783,0
6.9108,-0.0029195,-0.0029275,0
6.913,-0.0029195,-0.0029275,0
6.9239,-0.0029195,-0.0029275,0
6.9348,-0.0029195,-0.0029275,0
6.9457,-0.0029195,-0.0029275,0
6.95,-0.0029195,-0.0029275,0
6.9565,-0.03164,-0.031648,0
6.9674,-0.018787,-0.018795,0
6.9783,-0.018787,-0.018795,0
6.9891,-0.018787,-0.018795,0
7,-0.018787,-0.018795,0
7.0109,-0.0018009,-0.0017725,0
7.0217,-0.0089344,-0.0089213,0
7.0326,-0.0089344,-0.0089213,0
7.0435,-0.0089344,-0.0089213,0
7.05,-0.0089344,-0.0089213,0
7.0543,-0.013376,-0.013364,0
7.0652,-0.012615,-0.012603,0
7.0761,-0.012615,-0.012603,0
7.087,-0.012615,-0.012603,0
7.0978,-0.012615,-0.012603,0
7.1,-0.012615,-0.012603,0
7.1087,-0.021856,-0.021834,0
7.1196,-0.015168,-0.015153,0
7.1304,-0.015168,-0.015153,0
7.1413,-0.015168,-0.015153,0
7.15,-0.015168,-0.015153,0
7.1522,-0.011221,-0.011198,0
7.1613,-0.010806,-0.010783,0
7.163,-0.010806,-0.010783,0
7.172,-0.010806,-0.010783,0
7.1739,-0.010806,-0.010783,0
7.1836,-0.010806,-0.010783,0
7.1848,-0.010806,-0.010783,0
7.1906,-0.010806,-0.010783,0
7.1957,-0.010806,-0.010783,0
7.2,-0.010806,-0.010783,0
7.2065,0.022299,0.022327,0
7.2174,0.007484,0.0075102,0
7.2283,0.007484,0.0075102,0
7.2391,0.007484,0.0075102,0
7.25,0.007484,0.0075102,0
7.2609,0.013425,0.013422,0
7.2717,0.01093,0.010939,0
7.2826,0.01093,0.010939,0
7.2935,0.01093,0.010939,0
7.3,0.01093,0.010939,0
7.3043,0.019914,0.019912,0
7.3152,0.018375,0.018375,0
7.3261,0.018375,0.018375,0
7.337,0.018375,0.018375,0
7.3478,0.018375,0.018375,0
7.35,0.018375,0.018375,0
7.3587,0.023225,0.023176,0
7.3696,0.019715,0.019701,0
7.3804,0.019715,0.019701,0
7.3913,0.019715,0.019701,0
7.4,0.019715,0.019701,0
7.4022,0.014892,0.014868,0
7.4109,0.014386,0.014361,0
7.413,0.014386,0.014361,0
7.4239,0.014386,0.014361,0
7.4348,0.014386,0.014361,0
7.4457,0.014386,0.014361,0
7.45,0.014386,0.014361,0
7.4565,0.015452,0.01543,0
7.4674,0.014975,0.014952,0
7.4783,0.014975,0.014952,0
7.4891,0.014975,0.014952,0
7.5,0.014975,0.014952,0
7.5109,0.013294,0.01327,0
7.5217,0.014,0.013976,0
7.5326,0.014,0.013976,0
7.5435,0.014,0.013976,0
7.55,0.014,0.013976,0
7.5543,0.0057633,0.0057405,0
7.5652,0.0071741,0.007151,0
7.5761,0.0071741,0.007151,0
7.587,0.0071741,0.007151,0
7.5978,0.0071741,0.007151,0
7.6,0.0071741,0.007151,0
7.6087,0.037202,0.037215,0
7.6196,0.015469,0.015456,0
7.6304,0.015469,0.015456,0
7.6413,0.015469,0.015456,0
7.65,0.015469,0.015456,0
7.6522,0.0068902,0.0068686,0
7.66,0.0059897,0.0059672,0
7.663,0.0059897,0.0059672,0
7.6739,0.0059897,0.0059672,0
7.6848,0.0059897,0.0059672,0
7.6957,0.0059897,0.0059672,0
7.7,0.0059897,0.0059672,0
7.7065,0.0047866,0.0047781,0
7.7174,0.005325,0.0053102,0
7.7283,0.005325,0.0053102,0
7.7391,0.005325,0.0053102,0
7.75,0.005325,0.0053102,0
7.7609,-0.017189,-0.017207,0
7.7717,-0.0077341,-0.0077511,0
7.7826,-0.0077341,-0.0077511,0
7.7935,-0.0077341,-0.0077511,0
7.8,-0.0077341,-0.0077511,0
7.8043,-0.0044586,-0.0044571,0
7.8152,-0.0050196,-0.0050213,0
7.8261,-0.0050196,-0.0050213,0
7.837,-0.0050196,-0.0050213,0
7.8478,-0.0050196,-0.0050213,0
7.85,-0.0050196,-0.0050213,0
7.8587,0.0018217,0.001838,0
7.8696,-0.0031297,-0.0031264,0
7.8804,-0.0031297,-0.0031264,0
7.8913,-0.0031297,-0.0031264,0
7.9,-0.0031297,-0.0031264,0
7.9022,-0.0050144,-0.0050117,0
7.913,-0.0052122,-0.0052096,0
7.9239,-0.0052122,-0.0052096,0
7.9348,-0.0052122,-0.0052096,0
7.9457,-0.0052122,-0.0052096,0
7.95,-0.0052122,-0.0052096,0
7.9565,-0.008489,-0.0084838,0
7.9674,-0.0070226,-0.0070185,0
7.9783,-0.0070226,-0.0070185,0
7.9891,-0.0070226,-0.0070185,0
8,-0.0070226,-0.0070185,0
8.0109,-0.0098515,-0.0098436,0
8.0217,-0.0086635,-0.0086572,0
8.0326,-0.0086635,-0.0086572,0
8.0435,-0.0086635,-0.0086572,0
8.05,-0.0086635,-0.0086572,0
8.0543,0.0005721,0.00058635,0
8.0652,-0.0010097,-0.0009968,0
8.0761,-0.0010097,-0.0009968,0
8.087,-0.0010097,-0.0009968,0
8.0978,-0.0010097,-0.0009968,0
8.1,-0.0010097,-0.0009968,0
8.1087,-0.0086749,-0.0086827,0
8.1196,-0.0031271,-0.00312,0
8.1304,-0.0031271,-0.00312,0
8.1413,-0.0031271,-0.00312,0
8.15,-0.0031271,-0.00312,0
8.1522,0.011269,0.01128,0
8.1592,0.01278,0.012792,0
8.163,0.01278,0.012792,0
8.1739,0.01278,0.012792,0
8.1848,0.01278,0.012792,0
8.1957,0.01278,0.012792,0
8.2,0.01278,0.012792,0
8.2065,-0.0026777,-0.0026981,0
8.2174,0.0042398,0.004234,0
8.2283,0.0042398,0.004234,0
8.2391,0.0042398,0.004234,0
8.25,0.0042398,0.004234,0
8.2609,-0.024394,-0.024407,0
8.2717,-0.012369,-0.012379,0
8.2826,-0.012369,-0.012379,0
8.2935,-0.012369,-0.012379,0
8.3,-0.012369,-0.012379,0
8.3043,0.0022469,0.0022601,0
8.3152,-0.0002564,-0.00024718,0
8.3261,-0.0002564,-0.00024718,0
8.337,-0.0002564,-0.00024718,0
8.3478,-0.0002564,-0.00024718,0
8.35,-0.0002564,-0.00024718,0
8.3587,0.031855,0.031857,0
8.3696,0.0086142,0.0086215,0
8.3804,0.0086142,0.0086215,0
8.3913,0.0086142,0.0086215,0
8.4,0.0086142,0.0086215,0
8.4022,0.025546,0.02555,0
8.409,0.027324,0.027327,0
8.413,0.027324,0.027327,0
8.4239,0.027324,0.027327,0
8.4348,0.027324,0.027327,0
8.4457,0.027324,0.027327,0
8.45,0.027324,0.027327,0
8.4565,0.005434,0.0053933,0
8.4674,0.01523,0.015209,0
8.4783,0.01523,0.015209,0
8.4891,0.01523,0.015209,0
8.5,0.01523,0.015209,0
8.5109,0.025591,0.025572,0
8.5217,0.02124,0.02122,0
8.5326,0.02124,0.02122,0
8.5435,0.02124,0.02122,0
8.55,0.02124,0.02122,0
8.5543,0.0085628,0.0085343,0
8.5652,0.010734,0.010707,0
8.5761,0.010734,0.010707,0
8.587,0.010734,0.010707,0
8.5978,0.010734,0.010707,0
8.6,0.010734,0.010707,0
8.6087,0.010511,0.010496,0
8.6196,0.010672,0.010649,0
8.6304,0.010672,0.010649,0
8.6413,0.010672,0.010649,0
8.65,0.010672,0.010649,0
8.6522,-0.0042146,-0.0042405,0
8.6591,-0.0057773,-0.0058035,0
8.663,-0.0057773,-0.0058035,0
8.6739,-0.0057773,-0.0058035,0
8.6848,-0.0057773,-0.0058035,0
8.6957,-0.0057773,-0.0058035,0
8.7,-0.0057773,-0.0058035,0
8.7065,0.0076573,0.0076648,0
8.7174,0.0016451,0.0016375,0
8.7283,0.0016451,0.0016375,0
8.7391,0.0016451,0.0016375,0
8.75,0.0016451,0.0016375,0
8.7609,0.0028294,0.0028322,0
8.7717,0.0023321,0.0023305,0
8.7826,0.0023321,0.0023305,0
8.7935,0.0023321,0.0023305,0
8.8,0.0023321,0.0023305,0
8.8043,-0.0076685,-0.0076742,0
8.8152,-0.0059557,-0.0059607,0
8.8261,-0.0059557,-0.0059607,0
8.837,-0.0059557,-0.0059607,0
8.8478,-0.0059557,-0.0059607,0
8.85,-0.0059557,-0.0059607,0
8.8587,-0.0076767,-0.0076558,0
8.8696,-0.0064311,-0.0064289,0
8.8804,-0.0064311,-0.0064289,0
8.8913,-0.0064311,-0.0064289,0
8.9,-0.0064311,-0.0064289,0
8.9022,-0.011059,-0.011055,0
8.911,-0.011545,-0.011541,0
8.913,-0.011545,-0.011541,0
8.9239,-0.011545,-0.011541,0
8.9348,-0.011545,-0.011541,0
8.9457,-0.011545,-0.011541,0
8.95,-0.011545,-0.011541,0
8.9565,-0.026181,-0.026169,0
8.9674,-0.019631,-0.019623,0
8.9783,-0.019631,-0.019623,0
8.9891,-0.019631,-0.019623,0
9,-0.019631,-0.019623,0
9.0109,-0.0050975,-0.0050693,0
9.0217,-0.011201,-0.011181,0
9.0326,-0.011201,-0.011181,0
9.0435,-0.011201,-0.011181,0
9.05,-0.011201,-0.011181,0
9.0543,0.0061031,0.0061251,0
9.0652,0.0031394,0.0031611,0
9.0761,0.0031394,0.0031611,0
9.087,0.0031394,0.0031611,0
9.0978,0.0031394,0.0031611,0
9.1,0.0031394,0.0031611,0
9.1087,0.020618,0.020604,0
9.1196,0.0079677,0.0079796,0
9.1304,0.0079677,0.0079796,0
9.1413,0.0079677,0.0079796,0
9.15,0.0079677,0.0079796,0
9.1522,0.0067248,0.006727,0
9.163,0.0065944,0.0065955,0
9.1739,0.0065944,0.0065955,0
9.1848,0.0065944,0.0065955,0
9.1957,0.0065944,0.0065955,0
9.2,0.0065944,0.0065955,0
9.2065,0.012064,0.012056,0
9.2174,0.0096163,0.0096124,0
9.2283,0.0096163,0.0096124,0
9.2391,0.0096163,0.0096124,0
9.25,0.0096163,0.0096124,0
9.2609,0.0098019,0.0097874,0
9.2717,0.0097239,0.0097139,0
9.2826,0.0097239,0.0097139,0
9.2935,0.0097239,0.0097139,0
9.3,0.0097239,0.0097139,0
9.3043,0.00074661,0.00073037,0
9.3152,0.0022842,0.002269,0
9.3261,0.0022842,0.002269,0
9.337,0.0022842,0.002269,0
9.3478,0.0022842,0.002269,0
9.35,0.0022842,0.002269,0
9.3587,0.019391,0.0194,0
9.3696,0.0070099,0.0070012,0
9.3804,0.0070099,0.0070012,0
9.3913,0.0070099,0.0070012,0
9.4,0.0070099,0.0070012,0
9.4022,0.01242,0.01241,0
9.4107,0.012988,0.012978,0
9.413,0.012988,0.012978,0
9.4239,0.012988,0.012978,0
9.4348,0.012988,0.012978,0
9.4457,0.012988,0.012978,0
9.45,0.012988,0.012978,0
9.4565,0.022798,0.022785,0
9.4674,0.018408,0.018396,0
9.4783,0.018408,0.018396,0
9.4891,0.018408,0.018396,0
9.5,0.018408,0.018396,0
9.5109,0.026122,0.026101,0
9.5217,0.022883,0.022865,0
9.5326,0.022883,0.022865,0
9.5435,0.022883,0.022865,0
9.55,0.022883,0.022865,0
9.5543,-0.0026541,-0.0026922,0
9.5652,0.0017196,0.001685,0
9.5761,0.0017196,0.001685,0
9.587,0.0017196,0.001685,0
9.5978,0.0017196,0.001685,0
9.6,0.0017196,0.001685,0
9.6087,0.00066472,0.00067165,0
9.6196,0.0014282,0.0014051,0
9.6304,0.0014282,0.0014051,0
9.6413,0.0014282,0.0014051,0
9.65,0.0014282,0.0014051,0
9.6522,-0.0031158,-0.0031326,0
9.661,-0.0035928,-0.0036089,0
9.663,-0.0035928,-0.0036089,0
9.6739,-0.0035928,-0.0036089,0
9.6848,-0.0035928,-0.0036089,0
9.6957,-0.0035928,-0.0036089,0
9.7,-0.0035928,-0.0036089,0
9.7065,0.011637,0.011648,0
9.7174,0.0048216,0.0048202,0
9.7283,0.0048216,0.0048202,0
9.7391,0.0048216,0.0048202,0
9.75,0.0048216,0.0048202,0
9.7609,0.0069552,0.0069495,0
9.7717,0.0060592,0.0060553,0
9.7826,0.0060592,0.0060553,0
9.7935,0.0060592,0.0060553,0
9.8,0.0060592,0.0060553,0
9.8043,-0.0021299,-0.0021388,0
9.8152,-0.00072739,-0.00073537,0
9.8261,-0.00072739,-0.00073537,0
9.837,-0.00072739,-0.00073537,0
9.8478,-0.00072739,-0.00073537,0
9.85,-0.00072739,-0.00073537,0
9.8587,0.019026,0.019044,0
9.8696,0.0047293,0.0047285,0
9.8804,0.0047293,0.0047285,0
9.8913,0.0047293,0.0047285,0
9.9,0.0047293,0.0047285,0
9.9022,0.0082105,0.0082055,0
9.9115,0.0085759,0.0085705,0
9.913,0.0085759,0.0085705,0
9.9208,0.0085759,0.0085705,0
9.9239,0.0085759,0.0085705,0
9.9348,0.0085759,0.0085705,0
9.9457,0.0085759,0.0085705,0
9.95,0.0085759,0.0085705,0
9.9565,-0.0013111,-0.001326,0
9.9674,0.0031135,0.0031029,0
9.9783,0.0031135,0.0031029,0
9.9891,0.0031135,0.0031029,0
10,0.0031135,0.0031029,0
